region,community,cases,date
UNINCORPORATED,ACTON,0,2020-03-27
UNINCORPORATED,ACTON,0,2020-03-28
UNINCORPORATED,ACTON,0,2020-03-29
UNINCORPORATED,ACTON,0,2020-03-30
UNINCORPORATED,ACTON,0,2020-03-31
UNINCORPORATED,ACTON,0,2020-04-01
UNINCORPORATED,ACTON,NA,2020-04-02
UNINCORPORATED,ACTON,NA,2020-04-03
UNINCORPORATED,ACTON,NA,2020-04-04
UNINCORPORATED,ACTON,NA,2020-04-05
UNINCORPORATED,ACTON,NA,2020-04-06
UNINCORPORATED,ACTON,NA,2020-04-07
UNINCORPORATED,ACTON,NA,2020-04-08
UNINCORPORATED,ACTON,5,2020-04-09
UNINCORPORATED,ACTON,5,2020-04-10
UNINCORPORATED,ACTON,5,2020-04-11
UNINCORPORATED,ACTON,5,2020-04-12
LOS ANGELES,ADAMS-NORMANDIE,NA,2020-03-27
LOS ANGELES,ADAMS-NORMANDIE,NA,2020-03-28
LOS ANGELES,ADAMS-NORMANDIE,NA,2020-03-29
LOS ANGELES,ADAMS-NORMANDIE,NA,2020-03-30
LOS ANGELES,ADAMS-NORMANDIE,5,2020-03-31
LOS ANGELES,ADAMS-NORMANDIE,8,2020-04-01
LOS ANGELES,ADAMS-NORMANDIE,8,2020-04-02
LOS ANGELES,ADAMS-NORMANDIE,12,2020-04-03
LOS ANGELES,ADAMS-NORMANDIE,11,2020-04-04
LOS ANGELES,ADAMS-NORMANDIE,13,2020-04-05
LOS ANGELES,ADAMS-NORMANDIE,13,2020-04-06
LOS ANGELES,ADAMS-NORMANDIE,13,2020-04-07
LOS ANGELES,ADAMS-NORMANDIE,15,2020-04-08
LOS ANGELES,ADAMS-NORMANDIE,15,2020-04-09
LOS ANGELES,ADAMS-NORMANDIE,15,2020-04-10
LOS ANGELES,ADAMS-NORMANDIE,15,2020-04-11
LOS ANGELES,ADAMS-NORMANDIE,15,2020-04-12
NA,AGOURA HILLS,1,2020-03-23
NA,AGOURA HILLS,3,2020-03-24
NA,AGOURA HILLS,3,2020-03-25
NA,AGOURA HILLS,5,2020-03-26
NA,AGOURA HILLS,6,2020-03-27
NA,AGOURA HILLS,9,2020-03-28
NA,AGOURA HILLS,9,2020-03-29
NA,AGOURA HILLS,9,2020-03-30
NA,AGOURA HILLS,11,2020-03-31
NA,AGOURA HILLS,10,2020-04-01
NA,AGOURA HILLS,14,2020-04-02
NA,AGOURA HILLS,16,2020-04-03
NA,AGOURA HILLS,17,2020-04-04
NA,AGOURA HILLS,18,2020-04-05
NA,AGOURA HILLS,18,2020-04-06
NA,AGOURA HILLS,19,2020-04-07
NA,AGOURA HILLS,19,2020-04-08
NA,AGOURA HILLS,20,2020-04-09
NA,AGOURA HILLS,20,2020-04-10
NA,AGOURA HILLS,20,2020-04-11
NA,AGOURA HILLS,20,2020-04-12
UNINCORPORATED,AGUA DULCE,0,2020-03-27
UNINCORPORATED,AGUA DULCE,0,2020-03-28
UNINCORPORATED,AGUA DULCE,0,2020-03-29
UNINCORPORATED,AGUA DULCE,0,2020-03-30
UNINCORPORATED,AGUA DULCE,0,2020-03-31
UNINCORPORATED,AGUA DULCE,0,2020-04-01
UNINCORPORATED,AGUA DULCE,0,2020-04-02
UNINCORPORATED,AGUA DULCE,0,2020-04-03
UNINCORPORATED,AGUA DULCE,0,2020-04-04
UNINCORPORATED,AGUA DULCE,NA,2020-04-05
UNINCORPORATED,AGUA DULCE,NA,2020-04-06
UNINCORPORATED,AGUA DULCE,NA,2020-04-07
UNINCORPORATED,AGUA DULCE,NA,2020-04-08
UNINCORPORATED,AGUA DULCE,NA,2020-04-09
UNINCORPORATED,AGUA DULCE,NA,2020-04-10
UNINCORPORATED,AGUA DULCE,NA,2020-04-11
UNINCORPORATED,AGUA DULCE,NA,2020-04-12
NA,ALHAMBRA,2,2020-03-16
NA,ALHAMBRA,1,2020-03-17
NA,ALHAMBRA,1,2020-03-18
NA,ALHAMBRA,2,2020-03-19
NA,ALHAMBRA,3,2020-03-20
NA,ALHAMBRA,3,2020-03-21
NA,ALHAMBRA,3,2020-03-22
NA,ALHAMBRA,4,2020-03-23
NA,ALHAMBRA,5,2020-03-24
NA,ALHAMBRA,6,2020-03-25
NA,ALHAMBRA,8,2020-03-26
NA,ALHAMBRA,8,2020-03-27
NA,ALHAMBRA,10,2020-03-28
NA,ALHAMBRA,10,2020-03-29
NA,ALHAMBRA,11,2020-03-30
NA,ALHAMBRA,13,2020-03-31
NA,ALHAMBRA,13,2020-04-01
NA,ALHAMBRA,15,2020-04-02
NA,ALHAMBRA,17,2020-04-03
NA,ALHAMBRA,19,2020-04-04
NA,ALHAMBRA,21,2020-04-05
NA,ALHAMBRA,22,2020-04-06
NA,ALHAMBRA,24,2020-04-07
NA,ALHAMBRA,26,2020-04-08
NA,ALHAMBRA,27,2020-04-09
NA,ALHAMBRA,32,2020-04-10
NA,ALHAMBRA,33,2020-04-11
NA,ALHAMBRA,33,2020-04-12
LOS ANGELES,ALSACE,NA,2020-03-27
LOS ANGELES,ALSACE,NA,2020-03-28
LOS ANGELES,ALSACE,NA,2020-03-29
LOS ANGELES,ALSACE,NA,2020-03-30
LOS ANGELES,ALSACE,NA,2020-03-31
LOS ANGELES,ALSACE,NA,2020-04-01
LOS ANGELES,ALSACE,NA,2020-04-02
LOS ANGELES,ALSACE,NA,2020-04-03
LOS ANGELES,ALSACE,NA,2020-04-04
LOS ANGELES,ALSACE,NA,2020-04-05
LOS ANGELES,ALSACE,NA,2020-04-06
LOS ANGELES,ALSACE,NA,2020-04-07
LOS ANGELES,ALSACE,5,2020-04-08
LOS ANGELES,ALSACE,5,2020-04-09
LOS ANGELES,ALSACE,5,2020-04-10
LOS ANGELES,ALSACE,6,2020-04-11
LOS ANGELES,ALSACE,6,2020-04-12
NA,ALTADENA,1,2020-03-17
NA,ALTADENA,2,2020-03-20
NA,ALTADENA,3,2020-03-21
NA,ALTADENA,3,2020-03-22
NA,ALTADENA,5,2020-03-23
NA,ALTADENA,5,2020-03-24
NA,ALTADENA,5,2020-03-25
NA,ALTADENA,6,2020-03-26
UNINCORPORATED,ALTADENA,9,2020-03-27
UNINCORPORATED,ALTADENA,10,2020-03-28
UNINCORPORATED,ALTADENA,10,2020-03-29
UNINCORPORATED,ALTADENA,10,2020-03-30
UNINCORPORATED,ALTADENA,12,2020-03-31
UNINCORPORATED,ALTADENA,14,2020-04-01
UNINCORPORATED,ALTADENA,16,2020-04-02
UNINCORPORATED,ALTADENA,16,2020-04-03
UNINCORPORATED,ALTADENA,18,2020-04-04
UNINCORPORATED,ALTADENA,25,2020-04-05
UNINCORPORATED,ALTADENA,26,2020-04-06
UNINCORPORATED,ALTADENA,28,2020-04-07
UNINCORPORATED,ALTADENA,31,2020-04-08
UNINCORPORATED,ALTADENA,33,2020-04-09
UNINCORPORATED,ALTADENA,34,2020-04-10
UNINCORPORATED,ALTADENA,37,2020-04-11
UNINCORPORATED,ALTADENA,37,2020-04-12
UNINCORPORATED,ANAVERDE,0,2020-03-27
UNINCORPORATED,ANAVERDE,0,2020-03-28
UNINCORPORATED,ANAVERDE,0,2020-03-29
UNINCORPORATED,ANAVERDE,0,2020-03-30
UNINCORPORATED,ANAVERDE,0,2020-03-31
UNINCORPORATED,ANAVERDE,0,2020-04-01
UNINCORPORATED,ANAVERDE,0,2020-04-02
UNINCORPORATED,ANAVERDE,0,2020-04-03
UNINCORPORATED,ANAVERDE,0,2020-04-04
UNINCORPORATED,ANAVERDE,0,2020-04-05
UNINCORPORATED,ANAVERDE,0,2020-04-06
UNINCORPORATED,ANAVERDE,0,2020-04-07
UNINCORPORATED,ANAVERDE,0,2020-04-08
UNINCORPORATED,ANAVERDE,0,2020-04-09
UNINCORPORATED,ANAVERDE,0,2020-04-10
UNINCORPORATED,ANAVERDE,0,2020-04-11
UNINCORPORATED,ANAVERDE,0,2020-04-12
UNINCORPORATED,ANGELES NATIONAL FOREST,0,2020-03-27
LOS ANGELES,ANGELES NATIONAL FOREST,0,2020-03-28
UNINCORPORATED,ANGELES NATIONAL FOREST,0,2020-03-28
LOS ANGELES,ANGELES NATIONAL FOREST,0,2020-03-29
UNINCORPORATED,ANGELES NATIONAL FOREST,0,2020-03-29
LOS ANGELES,ANGELES NATIONAL FOREST,0,2020-03-30
UNINCORPORATED,ANGELES NATIONAL FOREST,0,2020-03-30
LOS ANGELES,ANGELES NATIONAL FOREST,0,2020-03-31
UNINCORPORATED,ANGELES NATIONAL FOREST,0,2020-03-31
LOS ANGELES,ANGELES NATIONAL FOREST,0,2020-04-01
UNINCORPORATED,ANGELES NATIONAL FOREST,0,2020-04-01
LOS ANGELES,ANGELES NATIONAL FOREST,0,2020-04-02
UNINCORPORATED,ANGELES NATIONAL FOREST,0,2020-04-02
LOS ANGELES,ANGELES NATIONAL FOREST,0,2020-04-03
UNINCORPORATED,ANGELES NATIONAL FOREST,0,2020-04-03
LOS ANGELES,ANGELES NATIONAL FOREST,0,2020-04-04
UNINCORPORATED,ANGELES NATIONAL FOREST,0,2020-04-04
LOS ANGELES,ANGELES NATIONAL FOREST,0,2020-04-05
UNINCORPORATED,ANGELES NATIONAL FOREST,0,2020-04-05
LOS ANGELES,ANGELES NATIONAL FOREST,0,2020-04-06
UNINCORPORATED,ANGELES NATIONAL FOREST,0,2020-04-06
LOS ANGELES,ANGELES NATIONAL FOREST,0,2020-04-07
UNINCORPORATED,ANGELES NATIONAL FOREST,0,2020-04-07
LOS ANGELES,ANGELES NATIONAL FOREST,0,2020-04-08
UNINCORPORATED,ANGELES NATIONAL FOREST,0,2020-04-08
LOS ANGELES,ANGELES NATIONAL FOREST,0,2020-04-09
UNINCORPORATED,ANGELES NATIONAL FOREST,0,2020-04-09
LOS ANGELES,ANGELES NATIONAL FOREST,0,2020-04-10
UNINCORPORATED,ANGELES NATIONAL FOREST,0,2020-04-10
LOS ANGELES,ANGELES NATIONAL FOREST,0,2020-04-11
UNINCORPORATED,ANGELES NATIONAL FOREST,0,2020-04-11
LOS ANGELES,ANGELES NATIONAL FOREST,0,2020-04-12
UNINCORPORATED,ANGELES NATIONAL FOREST,0,2020-04-12
LOS ANGELES,ANGELINO HEIGHTS,0,2020-03-27
LOS ANGELES,ANGELINO HEIGHTS,0,2020-03-28
LOS ANGELES,ANGELINO HEIGHTS,0,2020-03-29
LOS ANGELES,ANGELINO HEIGHTS,0,2020-03-30
LOS ANGELES,ANGELINO HEIGHTS,0,2020-03-31
LOS ANGELES,ANGELINO HEIGHTS,0,2020-04-01
LOS ANGELES,ANGELINO HEIGHTS,0,2020-04-02
LOS ANGELES,ANGELINO HEIGHTS,0,2020-04-03
LOS ANGELES,ANGELINO HEIGHTS,0,2020-04-04
LOS ANGELES,ANGELINO HEIGHTS,0,2020-04-05
LOS ANGELES,ANGELINO HEIGHTS,0,2020-04-06
LOS ANGELES,ANGELINO HEIGHTS,0,2020-04-07
LOS ANGELES,ANGELINO HEIGHTS,0,2020-04-08
LOS ANGELES,ANGELINO HEIGHTS,0,2020-04-09
LOS ANGELES,ANGELINO HEIGHTS,NA,2020-04-10
LOS ANGELES,ANGELINO HEIGHTS,NA,2020-04-11
LOS ANGELES,ANGELINO HEIGHTS,NA,2020-04-12
NA,ARCADIA,1,2020-03-16
NA,ARCADIA,1,2020-03-17
NA,ARCADIA,2,2020-03-18
NA,ARCADIA,2,2020-03-19
NA,ARCADIA,2,2020-03-20
NA,ARCADIA,2,2020-03-21
NA,ARCADIA,2,2020-03-22
NA,ARCADIA,3,2020-03-23
NA,ARCADIA,4,2020-03-24
NA,ARCADIA,4,2020-03-25
NA,ARCADIA,6,2020-03-26
NA,ARCADIA,6,2020-03-27
UNINCORPORATED,ARCADIA,0,2020-03-27
NA,ARCADIA,8,2020-03-28
UNINCORPORATED,ARCADIA,0,2020-03-28
NA,ARCADIA,9,2020-03-29
UNINCORPORATED,ARCADIA,0,2020-03-29
NA,ARCADIA,9,2020-03-30
UNINCORPORATED,ARCADIA,0,2020-03-30
NA,ARCADIA,10,2020-03-31
UNINCORPORATED,ARCADIA,0,2020-03-31
NA,ARCADIA,12,2020-04-01
UNINCORPORATED,ARCADIA,0,2020-04-01
NA,ARCADIA,12,2020-04-02
UNINCORPORATED,ARCADIA,0,2020-04-02
NA,ARCADIA,13,2020-04-03
UNINCORPORATED,ARCADIA,0,2020-04-03
NA,ARCADIA,13,2020-04-04
UNINCORPORATED,ARCADIA,0,2020-04-04
NA,ARCADIA,14,2020-04-05
UNINCORPORATED,ARCADIA,0,2020-04-05
NA,ARCADIA,16,2020-04-06
UNINCORPORATED,ARCADIA,0,2020-04-06
NA,ARCADIA,17,2020-04-07
UNINCORPORATED,ARCADIA,0,2020-04-07
NA,ARCADIA,17,2020-04-08
UNINCORPORATED,ARCADIA,0,2020-04-08
NA,ARCADIA,18,2020-04-09
UNINCORPORATED,ARCADIA,NA,2020-04-09
NA,ARCADIA,19,2020-04-10
UNINCORPORATED,ARCADIA,NA,2020-04-10
NA,ARCADIA,20,2020-04-11
UNINCORPORATED,ARCADIA,NA,2020-04-11
NA,ARCADIA,22,2020-04-12
UNINCORPORATED,ARCADIA,NA,2020-04-12
NA,ARLETA,1,2020-03-25
NA,ARLETA,2,2020-03-26
LOS ANGELES,ARLETA,2,2020-03-27
LOS ANGELES,ARLETA,4,2020-03-28
LOS ANGELES,ARLETA,5,2020-03-29
LOS ANGELES,ARLETA,5,2020-03-30
LOS ANGELES,ARLETA,7,2020-03-31
LOS ANGELES,ARLETA,7,2020-04-01
LOS ANGELES,ARLETA,7,2020-04-02
LOS ANGELES,ARLETA,10,2020-04-03
LOS ANGELES,ARLETA,13,2020-04-04
LOS ANGELES,ARLETA,15,2020-04-05
LOS ANGELES,ARLETA,17,2020-04-06
LOS ANGELES,ARLETA,20,2020-04-07
LOS ANGELES,ARLETA,20,2020-04-08
LOS ANGELES,ARLETA,22,2020-04-09
LOS ANGELES,ARLETA,23,2020-04-10
LOS ANGELES,ARLETA,24,2020-04-11
LOS ANGELES,ARLETA,24,2020-04-12
NA,ARTESIA,NA,2020-03-27
NA,ARTESIA,NA,2020-03-28
NA,ARTESIA,NA,2020-03-29
NA,ARTESIA,NA,2020-03-30
NA,ARTESIA,NA,2020-03-31
NA,ARTESIA,NA,2020-04-01
NA,ARTESIA,NA,2020-04-02
NA,ARTESIA,NA,2020-04-03
NA,ARTESIA,NA,2020-04-04
NA,ARTESIA,NA,2020-04-05
NA,ARTESIA,NA,2020-04-06
NA,ARTESIA,NA,2020-04-07
NA,ARTESIA,NA,2020-04-08
NA,ARTESIA,NA,2020-04-09
NA,ARTESIA,NA,2020-04-10
NA,ARTESIA,5,2020-04-11
NA,ARTESIA,5,2020-04-12
NA,ATHENS,1,2020-03-22
NA,ATHENS,1,2020-03-23
NA,ATHENS,1,2020-03-24
NA,ATHENS,1,2020-03-25
NA,ATHENS,3,2020-03-26
UNINCORPORATED,ATHENS VILLAGE,0,2020-03-27
UNINCORPORATED,ATHENS VILLAGE,0,2020-03-28
UNINCORPORATED,ATHENS VILLAGE,0,2020-03-29
UNINCORPORATED,ATHENS VILLAGE,0,2020-03-30
UNINCORPORATED,ATHENS VILLAGE,NA,2020-03-31
UNINCORPORATED,ATHENS VILLAGE,NA,2020-04-01
UNINCORPORATED,ATHENS VILLAGE,NA,2020-04-02
UNINCORPORATED,ATHENS VILLAGE,NA,2020-04-03
UNINCORPORATED,ATHENS VILLAGE,NA,2020-04-04
UNINCORPORATED,ATHENS VILLAGE,NA,2020-04-05
UNINCORPORATED,ATHENS VILLAGE,NA,2020-04-06
UNINCORPORATED,ATHENS VILLAGE,NA,2020-04-07
UNINCORPORATED,ATHENS VILLAGE,5,2020-04-08
UNINCORPORATED,ATHENS VILLAGE,5,2020-04-09
UNINCORPORATED,ATHENS VILLAGE,5,2020-04-10
UNINCORPORATED,ATHENS VILLAGE,6,2020-04-11
UNINCORPORATED,ATHENS VILLAGE,6,2020-04-12
UNINCORPORATED,ATHENS-WESTMONT,5,2020-03-27
UNINCORPORATED,ATHENS-WESTMONT,7,2020-03-28
UNINCORPORATED,ATHENS-WESTMONT,7,2020-03-29
UNINCORPORATED,ATHENS-WESTMONT,7,2020-03-30
UNINCORPORATED,ATHENS-WESTMONT,11,2020-03-31
UNINCORPORATED,ATHENS-WESTMONT,13,2020-04-01
UNINCORPORATED,ATHENS-WESTMONT,15,2020-04-02
UNINCORPORATED,ATHENS-WESTMONT,17,2020-04-03
UNINCORPORATED,ATHENS-WESTMONT,22,2020-04-04
UNINCORPORATED,ATHENS-WESTMONT,22,2020-04-05
UNINCORPORATED,ATHENS-WESTMONT,23,2020-04-06
UNINCORPORATED,ATHENS-WESTMONT,25,2020-04-07
UNINCORPORATED,ATHENS-WESTMONT,27,2020-04-08
UNINCORPORATED,ATHENS-WESTMONT,29,2020-04-09
UNINCORPORATED,ATHENS-WESTMONT,34,2020-04-10
UNINCORPORATED,ATHENS-WESTMONT,35,2020-04-11
UNINCORPORATED,ATHENS-WESTMONT,36,2020-04-12
LOS ANGELES,ATWATER VILLAGE,0,2020-03-27
LOS ANGELES,ATWATER VILLAGE,NA,2020-03-28
LOS ANGELES,ATWATER VILLAGE,NA,2020-03-29
LOS ANGELES,ATWATER VILLAGE,NA,2020-03-30
LOS ANGELES,ATWATER VILLAGE,NA,2020-03-31
LOS ANGELES,ATWATER VILLAGE,NA,2020-04-01
LOS ANGELES,ATWATER VILLAGE,NA,2020-04-02
LOS ANGELES,ATWATER VILLAGE,NA,2020-04-03
LOS ANGELES,ATWATER VILLAGE,NA,2020-04-04
LOS ANGELES,ATWATER VILLAGE,6,2020-04-05
LOS ANGELES,ATWATER VILLAGE,7,2020-04-06
LOS ANGELES,ATWATER VILLAGE,8,2020-04-07
LOS ANGELES,ATWATER VILLAGE,9,2020-04-08
LOS ANGELES,ATWATER VILLAGE,9,2020-04-09
LOS ANGELES,ATWATER VILLAGE,8,2020-04-10
LOS ANGELES,ATWATER VILLAGE,8,2020-04-11
LOS ANGELES,ATWATER VILLAGE,8,2020-04-12
NA,AVALON,0,2020-03-27
NA,AVALON,0,2020-03-28
NA,AVALON,0,2020-03-29
NA,AVALON,0,2020-03-30
NA,AVALON,0,2020-03-31
NA,AVALON,0,2020-04-01
NA,AVALON,0,2020-04-02
NA,AVALON,0,2020-04-03
NA,AVALON,0,2020-04-04
NA,AVALON,0,2020-04-05
NA,AVALON,0,2020-04-06
NA,AVALON,0,2020-04-07
NA,AVALON,0,2020-04-08
NA,AVALON,0,2020-04-09
NA,AVALON,0,2020-04-10
NA,AVALON,0,2020-04-11
NA,AVALON,0,2020-04-12
UNINCORPORATED,AVOCADO HEIGHTS,0,2020-03-27
UNINCORPORATED,AVOCADO HEIGHTS,0,2020-03-28
UNINCORPORATED,AVOCADO HEIGHTS,0,2020-03-29
UNINCORPORATED,AVOCADO HEIGHTS,0,2020-03-30
UNINCORPORATED,AVOCADO HEIGHTS,0,2020-03-31
UNINCORPORATED,AVOCADO HEIGHTS,0,2020-04-01
UNINCORPORATED,AVOCADO HEIGHTS,0,2020-04-02
UNINCORPORATED,AVOCADO HEIGHTS,0,2020-04-03
UNINCORPORATED,AVOCADO HEIGHTS,0,2020-04-04
UNINCORPORATED,AVOCADO HEIGHTS,0,2020-04-05
UNINCORPORATED,AVOCADO HEIGHTS,0,2020-04-06
UNINCORPORATED,AVOCADO HEIGHTS,0,2020-04-07
UNINCORPORATED,AVOCADO HEIGHTS,0,2020-04-08
UNINCORPORATED,AVOCADO HEIGHTS,0,2020-04-09
UNINCORPORATED,AVOCADO HEIGHTS,NA,2020-04-10
UNINCORPORATED,AVOCADO HEIGHTS,NA,2020-04-11
UNINCORPORATED,AVOCADO HEIGHTS,NA,2020-04-12
NA,AZUSA,1,2020-03-26
NA,AZUSA,1,2020-03-27
UNINCORPORATED,AZUSA,0,2020-03-27
NA,AZUSA,1,2020-03-28
UNINCORPORATED,AZUSA,0,2020-03-28
NA,AZUSA,2,2020-03-29
UNINCORPORATED,AZUSA,0,2020-03-29
NA,AZUSA,3,2020-03-30
UNINCORPORATED,AZUSA,0,2020-03-30
NA,AZUSA,5,2020-03-31
UNINCORPORATED,AZUSA,0,2020-03-31
NA,AZUSA,7,2020-04-01
UNINCORPORATED,AZUSA,0,2020-04-01
NA,AZUSA,8,2020-04-02
UNINCORPORATED,AZUSA,NA,2020-04-02
NA,AZUSA,8,2020-04-03
UNINCORPORATED,AZUSA,NA,2020-04-03
NA,AZUSA,8,2020-04-04
UNINCORPORATED,AZUSA,NA,2020-04-04
NA,AZUSA,13,2020-04-05
UNINCORPORATED,AZUSA,NA,2020-04-05
NA,AZUSA,13,2020-04-06
UNINCORPORATED,AZUSA,NA,2020-04-06
NA,AZUSA,14,2020-04-07
UNINCORPORATED,AZUSA,NA,2020-04-07
NA,AZUSA,14,2020-04-08
UNINCORPORATED,AZUSA,NA,2020-04-08
NA,AZUSA,14,2020-04-09
UNINCORPORATED,AZUSA,NA,2020-04-09
NA,AZUSA,18,2020-04-10
UNINCORPORATED,AZUSA,NA,2020-04-10
NA,AZUSA,19,2020-04-11
UNINCORPORATED,AZUSA,NA,2020-04-11
NA,AZUSA,20,2020-04-12
UNINCORPORATED,AZUSA,NA,2020-04-12
NA,BALDWIN HILLS,1,2020-03-17
LOS ANGELES,BALDWIN HILLS,1,2020-03-18
NA,BALDWIN HILLS,1,2020-03-19
NA,BALDWIN HILLS,1,2020-03-20
NA,BALDWIN HILLS,2,2020-03-21
NA,BALDWIN HILLS,3,2020-03-22
NA,BALDWIN HILLS,3,2020-03-23
NA,BALDWIN HILLS,3,2020-03-24
NA,BALDWIN HILLS,3,2020-03-25
NA,BALDWIN HILLS,4,2020-03-26
LOS ANGELES,BALDWIN HILLS,5,2020-03-27
LOS ANGELES,BALDWIN HILLS,7,2020-03-28
LOS ANGELES,BALDWIN HILLS,9,2020-03-29
LOS ANGELES,BALDWIN HILLS,9,2020-03-30
LOS ANGELES,BALDWIN HILLS,11,2020-03-31
LOS ANGELES,BALDWIN HILLS,13,2020-04-01
LOS ANGELES,BALDWIN HILLS,13,2020-04-02
LOS ANGELES,BALDWIN HILLS,14,2020-04-03
LOS ANGELES,BALDWIN HILLS,18,2020-04-04
LOS ANGELES,BALDWIN HILLS,20,2020-04-05
LOS ANGELES,BALDWIN HILLS,21,2020-04-06
LOS ANGELES,BALDWIN HILLS,24,2020-04-07
LOS ANGELES,BALDWIN HILLS,26,2020-04-08
LOS ANGELES,BALDWIN HILLS,27,2020-04-09
LOS ANGELES,BALDWIN HILLS,28,2020-04-10
LOS ANGELES,BALDWIN HILLS,30,2020-04-11
LOS ANGELES,BALDWIN HILLS,31,2020-04-12
NA,BALDWIN PARK,0,2020-03-27
NA,BALDWIN PARK,0,2020-03-28
NA,BALDWIN PARK,0,2020-03-29
NA,BALDWIN PARK,0,2020-03-30
NA,BALDWIN PARK,2,2020-03-31
NA,BALDWIN PARK,3,2020-04-01
NA,BALDWIN PARK,5,2020-04-02
NA,BALDWIN PARK,7,2020-04-03
NA,BALDWIN PARK,9,2020-04-04
NA,BALDWIN PARK,10,2020-04-05
NA,BALDWIN PARK,11,2020-04-06
NA,BALDWIN PARK,11,2020-04-07
NA,BALDWIN PARK,12,2020-04-08
NA,BALDWIN PARK,15,2020-04-09
NA,BALDWIN PARK,18,2020-04-10
NA,BALDWIN PARK,22,2020-04-11
NA,BALDWIN PARK,25,2020-04-12
UNINCORPORATED,BANDINI ISLANDS,0,2020-03-28
UNINCORPORATED,BANDINI ISLANDS,0,2020-03-29
UNINCORPORATED,BANDINI ISLANDS,0,2020-03-30
UNINCORPORATED,BANDINI ISLANDS,0,2020-03-31
UNINCORPORATED,BANDINI ISLANDS,0,2020-04-01
UNINCORPORATED,BANDINI ISLANDS,0,2020-04-02
UNINCORPORATED,BANDINI ISLANDS,0,2020-04-03
UNINCORPORATED,BANDINI ISLANDS,0,2020-04-04
UNINCORPORATED,BANDINI ISLANDS,0,2020-04-05
UNINCORPORATED,BANDINI ISLANDS,0,2020-04-06
UNINCORPORATED,BANDINI ISLANDS,0,2020-04-07
UNINCORPORATED,BANDINI ISLANDS,0,2020-04-08
UNINCORPORATED,BANDINI ISLANDS,0,2020-04-09
UNINCORPORATED,BANDINI ISLANDS,0,2020-04-10
UNINCORPORATED,BANDINI ISLANDS,0,2020-04-11
UNINCORPORATED,BANDINI ISLANDS,0,2020-04-12
UNINCORPORATED,BASSETT,0,2020-03-27
UNINCORPORATED,BASSETT,0,2020-03-28
UNINCORPORATED,BASSETT,0,2020-03-29
UNINCORPORATED,BASSETT,0,2020-03-30
UNINCORPORATED,BASSETT,0,2020-03-31
UNINCORPORATED,BASSETT,0,2020-04-01
UNINCORPORATED,BASSETT,0,2020-04-02
UNINCORPORATED,BASSETT,0,2020-04-03
UNINCORPORATED,BASSETT,0,2020-04-04
UNINCORPORATED,BASSETT,NA,2020-04-05
UNINCORPORATED,BASSETT,NA,2020-04-06
UNINCORPORATED,BASSETT,NA,2020-04-07
UNINCORPORATED,BASSETT,NA,2020-04-08
UNINCORPORATED,BASSETT,NA,2020-04-09
UNINCORPORATED,BASSETT,NA,2020-04-10
UNINCORPORATED,BASSETT,NA,2020-04-11
UNINCORPORATED,BASSETT,NA,2020-04-12
LOS ANGELES,BEL AIR,6,2020-03-27
LOS ANGELES,BEL AIR,8,2020-03-28
LOS ANGELES,BEL AIR,9,2020-03-29
LOS ANGELES,BEL AIR,9,2020-03-30
LOS ANGELES,BEL AIR,11,2020-03-31
LOS ANGELES,BEL AIR,12,2020-04-01
LOS ANGELES,BEL AIR,12,2020-04-02
LOS ANGELES,BEL AIR,13,2020-04-03
LOS ANGELES,BEL AIR,15,2020-04-04
LOS ANGELES,BEL AIR,18,2020-04-05
LOS ANGELES,BEL AIR,18,2020-04-06
LOS ANGELES,BEL AIR,20,2020-04-07
LOS ANGELES,BEL AIR,20,2020-04-08
LOS ANGELES,BEL AIR,21,2020-04-09
LOS ANGELES,BEL AIR,21,2020-04-10
LOS ANGELES,BEL AIR,21,2020-04-11
LOS ANGELES,BEL AIR,21,2020-04-12
NA,BELL,2,2020-03-26
NA,BELL,4,2020-03-27
NA,BELL,5,2020-03-28
NA,BELL,6,2020-03-29
NA,BELL,11,2020-03-30
NA,BELL,12,2020-03-31
NA,BELL,12,2020-04-01
NA,BELL,14,2020-04-02
NA,BELL,14,2020-04-03
NA,BELL,16,2020-04-04
NA,BELL,20,2020-04-05
NA,BELL,22,2020-04-06
NA,BELL,24,2020-04-07
NA,BELL,28,2020-04-08
NA,BELL,31,2020-04-09
NA,BELL,35,2020-04-10
NA,BELL,37,2020-04-11
NA,BELL,37,2020-04-12
NA,BELL GARDENS,3,2020-03-25
NA,BELL GARDENS,3,2020-03-26
NA,BELL GARDENS,1,2020-03-27
NA,BELL GARDENS,1,2020-03-28
NA,BELL GARDENS,1,2020-03-29
NA,BELL GARDENS,2,2020-03-30
NA,BELL GARDENS,4,2020-03-31
NA,BELL GARDENS,5,2020-04-01
NA,BELL GARDENS,5,2020-04-02
NA,BELL GARDENS,8,2020-04-03
NA,BELL GARDENS,10,2020-04-04
NA,BELL GARDENS,12,2020-04-05
NA,BELL GARDENS,11,2020-04-06
NA,BELL GARDENS,12,2020-04-07
NA,BELL GARDENS,17,2020-04-08
NA,BELL GARDENS,21,2020-04-09
NA,BELL GARDENS,23,2020-04-10
NA,BELL GARDENS,26,2020-04-11
NA,BELL GARDENS,28,2020-04-12
NA,BELLFLOWER,1,2020-03-22
NA,BELLFLOWER,3,2020-03-23
NA,BELLFLOWER,3,2020-03-24
NA,BELLFLOWER,7,2020-03-25
NA,BELLFLOWER,8,2020-03-26
NA,BELLFLOWER,10,2020-03-27
NA,BELLFLOWER,12,2020-03-28
NA,BELLFLOWER,14,2020-03-29
NA,BELLFLOWER,17,2020-03-30
NA,BELLFLOWER,20,2020-03-31
NA,BELLFLOWER,23,2020-04-01
NA,BELLFLOWER,24,2020-04-02
NA,BELLFLOWER,26,2020-04-03
NA,BELLFLOWER,30,2020-04-04
NA,BELLFLOWER,32,2020-04-05
NA,BELLFLOWER,37,2020-04-06
NA,BELLFLOWER,39,2020-04-07
NA,BELLFLOWER,42,2020-04-08
NA,BELLFLOWER,44,2020-04-09
NA,BELLFLOWER,48,2020-04-10
NA,BELLFLOWER,50,2020-04-11
NA,BELLFLOWER,50,2020-04-12
LOS ANGELES,BEVERLY CREST,14,2020-03-27
LOS ANGELES,BEVERLY CREST,17,2020-03-28
LOS ANGELES,BEVERLY CREST,18,2020-03-29
LOS ANGELES,BEVERLY CREST,19,2020-03-30
LOS ANGELES,BEVERLY CREST,20,2020-03-31
LOS ANGELES,BEVERLY CREST,22,2020-04-01
LOS ANGELES,BEVERLY CREST,23,2020-04-02
LOS ANGELES,BEVERLY CREST,23,2020-04-03
LOS ANGELES,BEVERLY CREST,24,2020-04-04
LOS ANGELES,BEVERLY CREST,25,2020-04-05
LOS ANGELES,BEVERLY CREST,25,2020-04-06
LOS ANGELES,BEVERLY CREST,26,2020-04-07
LOS ANGELES,BEVERLY CREST,26,2020-04-08
LOS ANGELES,BEVERLY CREST,26,2020-04-09
LOS ANGELES,BEVERLY CREST,26,2020-04-10
LOS ANGELES,BEVERLY CREST,26,2020-04-11
LOS ANGELES,BEVERLY CREST,26,2020-04-12
NA,BEVERLY HILLS,1,2020-03-16
NA,BEVERLY HILLS,1,2020-03-17
NA,BEVERLY HILLS,4,2020-03-18
NA,BEVERLY HILLS,4,2020-03-19
NA,BEVERLY HILLS,5,2020-03-20
NA,BEVERLY HILLS,7,2020-03-21
NA,BEVERLY HILLS,8,2020-03-22
NA,BEVERLY HILLS,12,2020-03-23
NA,BEVERLY HILLS,12,2020-03-24
NA,BEVERLY HILLS,13,2020-03-25
NA,BEVERLY HILLS,15,2020-03-26
NA,BEVERLY HILLS,21,2020-03-27
NA,BEVERLY HILLS,21,2020-03-28
NA,BEVERLY HILLS,24,2020-03-29
NA,BEVERLY HILLS,28,2020-03-30
NA,BEVERLY HILLS,35,2020-03-31
NA,BEVERLY HILLS,39,2020-04-01
NA,BEVERLY HILLS,45,2020-04-02
NA,BEVERLY HILLS,53,2020-04-03
NA,BEVERLY HILLS,60,2020-04-04
NA,BEVERLY HILLS,65,2020-04-05
NA,BEVERLY HILLS,65,2020-04-06
NA,BEVERLY HILLS,70,2020-04-07
NA,BEVERLY HILLS,71,2020-04-08
NA,BEVERLY HILLS,71,2020-04-09
NA,BEVERLY HILLS,71,2020-04-10
NA,BEVERLY HILLS,73,2020-04-11
NA,BEVERLY HILLS,74,2020-04-12
NA,BEVERLYWOOD,2,2020-03-19
NA,BEVERLYWOOD,2,2020-03-20
NA,BEVERLYWOOD,5,2020-03-21
NA,BEVERLYWOOD,6,2020-03-22
NA,BEVERLYWOOD,7,2020-03-23
NA,BEVERLYWOOD,7,2020-03-24
NA,BEVERLYWOOD,8,2020-03-25
NA,BEVERLYWOOD,10,2020-03-26
LOS ANGELES,BEVERLYWOOD,8,2020-03-27
LOS ANGELES,BEVERLYWOOD,10,2020-03-28
LOS ANGELES,BEVERLYWOOD,11,2020-03-29
LOS ANGELES,BEVERLYWOOD,11,2020-03-30
LOS ANGELES,BEVERLYWOOD,13,2020-03-31
LOS ANGELES,BEVERLYWOOD,15,2020-04-01
LOS ANGELES,BEVERLYWOOD,15,2020-04-02
LOS ANGELES,BEVERLYWOOD,16,2020-04-03
LOS ANGELES,BEVERLYWOOD,16,2020-04-04
LOS ANGELES,BEVERLYWOOD,17,2020-04-05
LOS ANGELES,BEVERLYWOOD,17,2020-04-06
LOS ANGELES,BEVERLYWOOD,18,2020-04-07
LOS ANGELES,BEVERLYWOOD,19,2020-04-08
LOS ANGELES,BEVERLYWOOD,19,2020-04-09
LOS ANGELES,BEVERLYWOOD,19,2020-04-10
LOS ANGELES,BEVERLYWOOD,20,2020-04-11
LOS ANGELES,BEVERLYWOOD,20,2020-04-12
UNINCORPORATED,BOUQUET CANYON,0,2020-03-27
UNINCORPORATED,BOUQUET CANYON,0,2020-03-28
UNINCORPORATED,BOUQUET CANYON,0,2020-03-29
UNINCORPORATED,BOUQUET CANYON,0,2020-03-30
UNINCORPORATED,BOUQUET CANYON,0,2020-03-31
UNINCORPORATED,BOUQUET CANYON,0,2020-04-01
UNINCORPORATED,BOUQUET CANYON,0,2020-04-02
UNINCORPORATED,BOUQUET CANYON,0,2020-04-03
UNINCORPORATED,BOUQUET CANYON,0,2020-04-04
UNINCORPORATED,BOUQUET CANYON,0,2020-04-05
UNINCORPORATED,BOUQUET CANYON,0,2020-04-06
UNINCORPORATED,BOUQUET CANYON,0,2020-04-07
UNINCORPORATED,BOUQUET CANYON,0,2020-04-08
UNINCORPORATED,BOUQUET CANYON,0,2020-04-09
UNINCORPORATED,BOUQUET CANYON,NA,2020-04-10
UNINCORPORATED,BOUQUET CANYON,NA,2020-04-11
UNINCORPORATED,BOUQUET CANYON,NA,2020-04-12
NA,BOYLE HEIGHTS,5,2020-03-16
NA,BOYLE HEIGHTS,5,2020-03-17
LOS ANGELES,BOYLE HEIGHTS,5,2020-03-18
NA,BOYLE HEIGHTS,5,2020-03-19
NA,BOYLE HEIGHTS,5,2020-03-20
NA,BOYLE HEIGHTS,5,2020-03-21
NA,BOYLE HEIGHTS,5,2020-03-22
NA,BOYLE HEIGHTS,5,2020-03-23
NA,BOYLE HEIGHTS,5,2020-03-24
NA,BOYLE HEIGHTS,5,2020-03-25
NA,BOYLE HEIGHTS,7,2020-03-26
LOS ANGELES,BOYLE HEIGHTS,8,2020-03-27
LOS ANGELES,BOYLE HEIGHTS,8,2020-03-28
LOS ANGELES,BOYLE HEIGHTS,10,2020-03-29
LOS ANGELES,BOYLE HEIGHTS,11,2020-03-30
LOS ANGELES,BOYLE HEIGHTS,11,2020-03-31
LOS ANGELES,BOYLE HEIGHTS,15,2020-04-01
LOS ANGELES,BOYLE HEIGHTS,20,2020-04-02
LOS ANGELES,BOYLE HEIGHTS,28,2020-04-03
LOS ANGELES,BOYLE HEIGHTS,36,2020-04-04
LOS ANGELES,BOYLE HEIGHTS,37,2020-04-05
LOS ANGELES,BOYLE HEIGHTS,40,2020-04-06
LOS ANGELES,BOYLE HEIGHTS,42,2020-04-07
LOS ANGELES,BOYLE HEIGHTS,47,2020-04-08
LOS ANGELES,BOYLE HEIGHTS,50,2020-04-09
LOS ANGELES,BOYLE HEIGHTS,53,2020-04-10
LOS ANGELES,BOYLE HEIGHTS,55,2020-04-11
LOS ANGELES,BOYLE HEIGHTS,57,2020-04-12
NA,BRADBURY,0,2020-03-27
UNINCORPORATED,BRADBURY,0,2020-03-27
NA,BRADBURY,0,2020-03-28
UNINCORPORATED,BRADBURY,0,2020-03-28
NA,BRADBURY,0,2020-03-29
UNINCORPORATED,BRADBURY,0,2020-03-29
NA,BRADBURY,0,2020-03-30
UNINCORPORATED,BRADBURY,0,2020-03-30
NA,BRADBURY,0,2020-03-31
UNINCORPORATED,BRADBURY,0,2020-03-31
NA,BRADBURY,0,2020-04-01
UNINCORPORATED,BRADBURY,0,2020-04-01
NA,BRADBURY,0,2020-04-02
UNINCORPORATED,BRADBURY,0,2020-04-02
NA,BRADBURY,0,2020-04-03
UNINCORPORATED,BRADBURY,0,2020-04-03
NA,BRADBURY,0,2020-04-04
UNINCORPORATED,BRADBURY,0,2020-04-04
NA,BRADBURY,0,2020-04-05
UNINCORPORATED,BRADBURY,0,2020-04-05
NA,BRADBURY,0,2020-04-06
UNINCORPORATED,BRADBURY,0,2020-04-06
NA,BRADBURY,0,2020-04-07
UNINCORPORATED,BRADBURY,0,2020-04-07
NA,BRADBURY,0,2020-04-08
UNINCORPORATED,BRADBURY,0,2020-04-08
NA,BRADBURY,0,2020-04-09
UNINCORPORATED,BRADBURY,0,2020-04-09
NA,BRADBURY,0,2020-04-10
UNINCORPORATED,BRADBURY,0,2020-04-10
NA,BRADBURY,0,2020-04-11
UNINCORPORATED,BRADBURY,0,2020-04-11
NA,BRADBURY,0,2020-04-12
UNINCORPORATED,BRADBURY,0,2020-04-12
NA,BRENTWOOD,1,2020-03-17
LOS ANGELES,BRENTWOOD,2,2020-03-18
NA,BRENTWOOD,13,2020-03-19
NA,BRENTWOOD,16,2020-03-20
NA,BRENTWOOD,18,2020-03-21
NA,BRENTWOOD,23,2020-03-22
NA,BRENTWOOD,27,2020-03-23
NA,BRENTWOOD,31,2020-03-24
NA,BRENTWOOD,34,2020-03-25
NA,BRENTWOOD,42,2020-03-26
LOS ANGELES,BRENTWOOD,30,2020-03-27
LOS ANGELES,BRENTWOOD,31,2020-03-28
LOS ANGELES,BRENTWOOD,33,2020-03-29
LOS ANGELES,BRENTWOOD,34,2020-03-30
LOS ANGELES,BRENTWOOD,36,2020-03-31
LOS ANGELES,BRENTWOOD,39,2020-04-01
LOS ANGELES,BRENTWOOD,42,2020-04-02
LOS ANGELES,BRENTWOOD,44,2020-04-03
LOS ANGELES,BRENTWOOD,46,2020-04-04
LOS ANGELES,BRENTWOOD,49,2020-04-05
LOS ANGELES,BRENTWOOD,49,2020-04-06
LOS ANGELES,BRENTWOOD,49,2020-04-07
LOS ANGELES,BRENTWOOD,52,2020-04-08
LOS ANGELES,BRENTWOOD,53,2020-04-09
LOS ANGELES,BRENTWOOD,53,2020-04-10
LOS ANGELES,BRENTWOOD,53,2020-04-11
LOS ANGELES,BRENTWOOD,53,2020-04-12
LOS ANGELES,BROOKSIDE,0,2020-03-27
LOS ANGELES,BROOKSIDE,0,2020-03-28
LOS ANGELES,BROOKSIDE,0,2020-03-29
LOS ANGELES,BROOKSIDE,0,2020-03-30
LOS ANGELES,BROOKSIDE,0,2020-03-31
LOS ANGELES,BROOKSIDE,0,2020-04-01
LOS ANGELES,BROOKSIDE,0,2020-04-02
LOS ANGELES,BROOKSIDE,0,2020-04-03
LOS ANGELES,BROOKSIDE,0,2020-04-04
LOS ANGELES,BROOKSIDE,0,2020-04-05
LOS ANGELES,BROOKSIDE,0,2020-04-06
LOS ANGELES,BROOKSIDE,0,2020-04-07
LOS ANGELES,BROOKSIDE,0,2020-04-08
LOS ANGELES,BROOKSIDE,0,2020-04-09
LOS ANGELES,BROOKSIDE,0,2020-04-10
LOS ANGELES,BROOKSIDE,0,2020-04-11
LOS ANGELES,BROOKSIDE,0,2020-04-12
NA,BURBANK,1,2020-03-19
NA,BURBANK,1,2020-03-20
NA,BURBANK,1,2020-03-21
NA,BURBANK,2,2020-03-22
NA,BURBANK,2,2020-03-23
NA,BURBANK,2,2020-03-24
NA,BURBANK,3,2020-03-25
NA,BURBANK,6,2020-03-26
NA,BURBANK,7,2020-03-27
NA,BURBANK,17,2020-03-28
NA,BURBANK,19,2020-03-29
NA,BURBANK,21,2020-03-30
NA,BURBANK,27,2020-03-31
NA,BURBANK,39,2020-04-01
NA,BURBANK,41,2020-04-02
NA,BURBANK,50,2020-04-03
NA,BURBANK,61,2020-04-04
NA,BURBANK,70,2020-04-05
NA,BURBANK,77,2020-04-06
NA,BURBANK,79,2020-04-07
NA,BURBANK,83,2020-04-08
NA,BURBANK,88,2020-04-09
NA,BURBANK,96,2020-04-10
NA,BURBANK,100,2020-04-11
NA,BURBANK,102,2020-04-12
LOS ANGELES,CADILLAC-CORNING,0,2020-03-27
LOS ANGELES,CADILLAC-CORNING,0,2020-03-28
LOS ANGELES,CADILLAC-CORNING,0,2020-03-29
LOS ANGELES,CADILLAC-CORNING,NA,2020-03-30
LOS ANGELES,CADILLAC-CORNING,NA,2020-03-31
LOS ANGELES,CADILLAC-CORNING,NA,2020-04-01
LOS ANGELES,CADILLAC-CORNING,NA,2020-04-02
LOS ANGELES,CADILLAC-CORNING,NA,2020-04-03
LOS ANGELES,CADILLAC-CORNING,NA,2020-04-04
LOS ANGELES,CADILLAC-CORNING,NA,2020-04-05
LOS ANGELES,CADILLAC-CORNING,NA,2020-04-06
LOS ANGELES,CADILLAC-CORNING,NA,2020-04-07
LOS ANGELES,CADILLAC-CORNING,NA,2020-04-08
LOS ANGELES,CADILLAC-CORNING,NA,2020-04-09
LOS ANGELES,CADILLAC-CORNING,NA,2020-04-10
LOS ANGELES,CADILLAC-CORNING,5,2020-04-11
LOS ANGELES,CADILLAC-CORNING,5,2020-04-12
NA,CALABASAS,1,2020-03-19
NA,CALABASAS,1,2020-03-20
NA,CALABASAS,1,2020-03-21
NA,CALABASAS,2,2020-03-22
NA,CALABASAS,3,2020-03-23
NA,CALABASAS,4,2020-03-24
NA,CALABASAS,4,2020-03-25
NA,CALABASAS,5,2020-03-26
NA,CALABASAS,7,2020-03-27
NA,CALABASAS,10,2020-03-28
NA,CALABASAS,10,2020-03-29
NA,CALABASAS,11,2020-03-30
NA,CALABASAS,13,2020-03-31
NA,CALABASAS,13,2020-04-01
NA,CALABASAS,13,2020-04-02
NA,CALABASAS,16,2020-04-03
NA,CALABASAS,16,2020-04-04
NA,CALABASAS,20,2020-04-05
NA,CALABASAS,20,2020-04-06
NA,CALABASAS,20,2020-04-07
NA,CALABASAS,20,2020-04-08
NA,CALABASAS,21,2020-04-09
NA,CALABASAS,23,2020-04-10
NA,CALABASAS,23,2020-04-11
NA,CALABASAS,23,2020-04-12
NA,CALIFORNIA DEPARTMENT OF PUBLIC HEALTH HTTPS://WWW.CDPH.CA.GOV/PROGRAMS/CID/DCDC/PAGES/IMMUNIZATION/NCOV2019.ASPX,NA,2020-03-31
NA,CANOGA PARK,1,2020-03-22
NA,CANOGA PARK,2,2020-03-23
NA,CANOGA PARK,2,2020-03-24
NA,CANOGA PARK,2,2020-03-25
NA,CANOGA PARK,3,2020-03-26
LOS ANGELES,CANOGA PARK,2,2020-03-27
LOS ANGELES,CANOGA PARK,3,2020-03-28
LOS ANGELES,CANOGA PARK,3,2020-03-29
LOS ANGELES,CANOGA PARK,4,2020-03-30
LOS ANGELES,CANOGA PARK,7,2020-03-31
LOS ANGELES,CANOGA PARK,10,2020-04-01
LOS ANGELES,CANOGA PARK,16,2020-04-02
LOS ANGELES,CANOGA PARK,20,2020-04-03
LOS ANGELES,CANOGA PARK,29,2020-04-04
LOS ANGELES,CANOGA PARK,32,2020-04-05
LOS ANGELES,CANOGA PARK,39,2020-04-06
LOS ANGELES,CANOGA PARK,46,2020-04-07
LOS ANGELES,CANOGA PARK,53,2020-04-08
LOS ANGELES,CANOGA PARK,59,2020-04-09
LOS ANGELES,CANOGA PARK,63,2020-04-10
LOS ANGELES,CANOGA PARK,72,2020-04-11
LOS ANGELES,CANOGA PARK,76,2020-04-12
NA,CANYON COUNTRY,1,2020-03-24
NA,CANYON COUNTRY,1,2020-03-25
NA,CANYON COUNTRY,1,2020-03-26
UNINCORPORATED,CANYON COUNTRY,NA,2020-03-27
UNINCORPORATED,CANYON COUNTRY,NA,2020-03-28
UNINCORPORATED,CANYON COUNTRY,NA,2020-03-29
UNINCORPORATED,CANYON COUNTRY,NA,2020-03-30
UNINCORPORATED,CANYON COUNTRY,NA,2020-03-31
UNINCORPORATED,CANYON COUNTRY,NA,2020-04-01
UNINCORPORATED,CANYON COUNTRY,NA,2020-04-02
UNINCORPORATED,CANYON COUNTRY,5,2020-04-03
UNINCORPORATED,CANYON COUNTRY,7,2020-04-04
UNINCORPORATED,CANYON COUNTRY,8,2020-04-05
UNINCORPORATED,CANYON COUNTRY,8,2020-04-06
UNINCORPORATED,CANYON COUNTRY,9,2020-04-07
UNINCORPORATED,CANYON COUNTRY,11,2020-04-08
UNINCORPORATED,CANYON COUNTRY,12,2020-04-09
UNINCORPORATED,CANYON COUNTRY,12,2020-04-10
UNINCORPORATED,CANYON COUNTRY,14,2020-04-11
UNINCORPORATED,CANYON COUNTRY,14,2020-04-12
NA,CARSON,1,2020-03-16
NA,CARSON,1,2020-03-17
NA,CARSON,1,2020-03-18
NA,CARSON,1,2020-03-19
NA,CARSON,3,2020-03-20
NA,CARSON,3,2020-03-21
NA,CARSON,4,2020-03-22
NA,CARSON,6,2020-03-23
NA,CARSON,8,2020-03-24
NA,CARSON,9,2020-03-25
NA,CARSON,21,2020-03-26
NA,CARSON,21,2020-03-27
NA,CARSON,26,2020-03-28
NA,CARSON,28,2020-03-29
NA,CARSON,35,2020-03-30
NA,CARSON,39,2020-03-31
NA,CARSON,44,2020-04-01
NA,CARSON,55,2020-04-02
NA,CARSON,63,2020-04-03
NA,CARSON,69,2020-04-04
NA,CARSON,83,2020-04-05
NA,CARSON,93,2020-04-06
NA,CARSON,96,2020-04-07
NA,CARSON,104,2020-04-08
NA,CARSON,103,2020-04-09
NA,CARSON,113,2020-04-10
NA,CARSON,118,2020-04-11
NA,CARSON,118,2020-04-12
LOS ANGELES,CARTHAY,7,2020-03-27
LOS ANGELES,CARTHAY,9,2020-03-28
LOS ANGELES,CARTHAY,13,2020-03-29
LOS ANGELES,CARTHAY,15,2020-03-30
LOS ANGELES,CARTHAY,16,2020-03-31
LOS ANGELES,CARTHAY,17,2020-04-01
LOS ANGELES,CARTHAY,17,2020-04-02
LOS ANGELES,CARTHAY,24,2020-04-03
LOS ANGELES,CARTHAY,24,2020-04-04
LOS ANGELES,CARTHAY,26,2020-04-05
LOS ANGELES,CARTHAY,28,2020-04-06
LOS ANGELES,CARTHAY,27,2020-04-07
LOS ANGELES,CARTHAY,28,2020-04-08
LOS ANGELES,CARTHAY,27,2020-04-09
LOS ANGELES,CARTHAY,28,2020-04-10
LOS ANGELES,CARTHAY,29,2020-04-11
LOS ANGELES,CARTHAY,30,2020-04-12
NA,CASTAIC,1,2020-03-19
NA,CASTAIC,1,2020-03-20
NA,CASTAIC,1,2020-03-21
NA,CASTAIC,1,2020-03-22
NA,CASTAIC,1,2020-03-23
NA,CASTAIC,2,2020-03-24
NA,CASTAIC,2,2020-03-25
NA,CASTAIC,2,2020-03-26
UNINCORPORATED,CASTAIC,3,2020-03-27
UNINCORPORATED,CASTAIC,4,2020-03-28
UNINCORPORATED,CASTAIC,4,2020-03-29
UNINCORPORATED,CASTAIC,3,2020-03-30
UNINCORPORATED,CASTAIC,3,2020-03-31
UNINCORPORATED,CASTAIC,3,2020-04-01
UNINCORPORATED,CASTAIC,4,2020-04-02
UNINCORPORATED,CASTAIC,4,2020-04-03
UNINCORPORATED,CASTAIC,5,2020-04-04
UNINCORPORATED,CASTAIC,5,2020-04-05
UNINCORPORATED,CASTAIC,6,2020-04-06
UNINCORPORATED,CASTAIC,6,2020-04-07
UNINCORPORATED,CASTAIC,6,2020-04-08
UNINCORPORATED,CASTAIC,7,2020-04-09
UNINCORPORATED,CASTAIC,8,2020-04-10
UNINCORPORATED,CASTAIC,8,2020-04-11
UNINCORPORATED,CASTAIC,9,2020-04-12
NA,CENTERS FOR DISEASE CONTROL AND PREVENTION (CDC) HTTPS://WWW.CDC.GOV/CORONAVIRUS/2019-  NCOV/INDEX.HTML  SPANISH    HTTPS://WWW.CDC.GOV/CORONAVIRUS/2019-NCOV/INDEX-SP.HTML,NA,2020-03-31
LOS ANGELES,CENTRAL,2,2020-03-27
LOS ANGELES,CENTRAL,3,2020-03-28
LOS ANGELES,CENTRAL,4,2020-03-29
LOS ANGELES,CENTRAL,6,2020-03-30
LOS ANGELES,CENTRAL,11,2020-03-31
LOS ANGELES,CENTRAL,13,2020-04-01
LOS ANGELES,CENTRAL,16,2020-04-02
LOS ANGELES,CENTRAL,18,2020-04-03
LOS ANGELES,CENTRAL,20,2020-04-04
LOS ANGELES,CENTRAL,24,2020-04-05
LOS ANGELES,CENTRAL,24,2020-04-06
LOS ANGELES,CENTRAL,33,2020-04-07
LOS ANGELES,CENTRAL,32,2020-04-08
LOS ANGELES,CENTRAL,35,2020-04-09
LOS ANGELES,CENTRAL,36,2020-04-10
LOS ANGELES,CENTRAL,39,2020-04-11
LOS ANGELES,CENTRAL,39,2020-04-12
NA,CENTURY CITY,4,2020-03-20
NA,CENTURY CITY,4,2020-03-21
NA,CENTURY CITY,4,2020-03-22
NA,CENTURY CITY,4,2020-03-23
NA,CENTURY CITY,6,2020-03-24
NA,CENTURY CITY,7,2020-03-25
NA,CENTURY CITY,9,2020-03-26
LOS ANGELES,CENTURY CITY,6,2020-03-27
LOS ANGELES,CENTURY CITY,8,2020-03-28
LOS ANGELES,CENTURY CITY,8,2020-03-29
LOS ANGELES,CENTURY CITY,9,2020-03-30
LOS ANGELES,CENTURY CITY,13,2020-03-31
LOS ANGELES,CENTURY CITY,17,2020-04-01
LOS ANGELES,CENTURY CITY,17,2020-04-02
LOS ANGELES,CENTURY CITY,19,2020-04-03
LOS ANGELES,CENTURY CITY,21,2020-04-04
LOS ANGELES,CENTURY CITY,23,2020-04-05
LOS ANGELES,CENTURY CITY,23,2020-04-06
LOS ANGELES,CENTURY CITY,23,2020-04-07
LOS ANGELES,CENTURY CITY,23,2020-04-08
LOS ANGELES,CENTURY CITY,23,2020-04-09
LOS ANGELES,CENTURY CITY,24,2020-04-10
LOS ANGELES,CENTURY CITY,27,2020-04-11
LOS ANGELES,CENTURY CITY,27,2020-04-12
LOS ANGELES,CENTURY PALMS/COVE,1,2020-03-18
NA,CENTURY PALMS/COVE,1,2020-03-20
NA,CENTURY PALMS/COVE,1,2020-03-21
NA,CENTURY PALMS/COVE,1,2020-03-22
NA,CENTURY PALMS/COVE,1,2020-03-23
NA,CENTURY PALMS/COVE,1,2020-03-24
NA,CENTURY PALMS/COVE,3,2020-03-25
NA,CENTURY PALMS/COVE,3,2020-03-26
LOS ANGELES,CENTURY PALMS/COVE,3,2020-03-27
LOS ANGELES,CENTURY PALMS/COVE,5,2020-03-28
LOS ANGELES,CENTURY PALMS/COVE,8,2020-03-29
LOS ANGELES,CENTURY PALMS/COVE,8,2020-03-30
LOS ANGELES,CENTURY PALMS/COVE,10,2020-03-31
LOS ANGELES,CENTURY PALMS/COVE,11,2020-04-01
LOS ANGELES,CENTURY PALMS/COVE,11,2020-04-02
LOS ANGELES,CENTURY PALMS/COVE,13,2020-04-03
LOS ANGELES,CENTURY PALMS/COVE,15,2020-04-04
LOS ANGELES,CENTURY PALMS/COVE,17,2020-04-05
LOS ANGELES,CENTURY PALMS/COVE,19,2020-04-06
LOS ANGELES,CENTURY PALMS/COVE,21,2020-04-07
LOS ANGELES,CENTURY PALMS/COVE,21,2020-04-08
LOS ANGELES,CENTURY PALMS/COVE,23,2020-04-09
LOS ANGELES,CENTURY PALMS/COVE,26,2020-04-10
LOS ANGELES,CENTURY PALMS/COVE,28,2020-04-11
LOS ANGELES,CENTURY PALMS/COVE,28,2020-04-12
NA,CERRITOS,1,2020-03-21
NA,CERRITOS,2,2020-03-22
NA,CERRITOS,2,2020-03-23
NA,CERRITOS,2,2020-03-24
NA,CERRITOS,2,2020-03-25
NA,CERRITOS,2,2020-03-26
NA,CERRITOS,1,2020-03-27
UNINCORPORATED,CERRITOS,0,2020-03-27
NA,CERRITOS,1,2020-03-28
UNINCORPORATED,CERRITOS,0,2020-03-28
NA,CERRITOS,4,2020-03-29
UNINCORPORATED,CERRITOS,0,2020-03-29
NA,CERRITOS,5,2020-03-30
UNINCORPORATED,CERRITOS,0,2020-03-30
NA,CERRITOS,6,2020-03-31
UNINCORPORATED,CERRITOS,0,2020-03-31
NA,CERRITOS,8,2020-04-01
UNINCORPORATED,CERRITOS,0,2020-04-01
NA,CERRITOS,10,2020-04-02
UNINCORPORATED,CERRITOS,0,2020-04-02
NA,CERRITOS,11,2020-04-03
UNINCORPORATED,CERRITOS,0,2020-04-03
NA,CERRITOS,15,2020-04-04
UNINCORPORATED,CERRITOS,0,2020-04-04
NA,CERRITOS,20,2020-04-05
UNINCORPORATED,CERRITOS,0,2020-04-05
NA,CERRITOS,23,2020-04-06
UNINCORPORATED,CERRITOS,0,2020-04-06
NA,CERRITOS,27,2020-04-07
UNINCORPORATED,CERRITOS,0,2020-04-07
NA,CERRITOS,29,2020-04-08
UNINCORPORATED,CERRITOS,0,2020-04-08
NA,CERRITOS,29,2020-04-09
UNINCORPORATED,CERRITOS,0,2020-04-09
NA,CERRITOS,30,2020-04-10
UNINCORPORATED,CERRITOS,0,2020-04-10
NA,CERRITOS,32,2020-04-11
UNINCORPORATED,CERRITOS,0,2020-04-11
NA,CERRITOS,32,2020-04-12
UNINCORPORATED,CERRITOS,0,2020-04-12
UNINCORPORATED,CHARTER OAK,0,2020-03-28
UNINCORPORATED,CHARTER OAK,0,2020-03-29
UNINCORPORATED,CHARTER OAK,0,2020-03-30
UNINCORPORATED,CHARTER OAK,0,2020-03-31
UNINCORPORATED,CHARTER OAK,0,2020-04-01
UNINCORPORATED,CHARTER OAK,0,2020-04-02
UNINCORPORATED,CHARTER OAK,0,2020-04-03
UNINCORPORATED,CHARTER OAK,0,2020-04-04
UNINCORPORATED,CHARTER OAK,0,2020-04-05
UNINCORPORATED,CHARTER OAK,0,2020-04-06
UNINCORPORATED,CHARTER OAK,0,2020-04-07
UNINCORPORATED,CHARTER OAK,0,2020-04-08
UNINCORPORATED,CHARTER OAK,0,2020-04-09
UNINCORPORATED,CHARTER OAK,0,2020-04-10
UNINCORPORATED,CHARTER OAK,0,2020-04-11
UNINCORPORATED,CHARTER OAK,0,2020-04-12
NA,CHATSWORTH,1,2020-03-26
LOS ANGELES,CHATSWORTH,3,2020-03-27
LOS ANGELES,CHATSWORTH,4,2020-03-28
LOS ANGELES,CHATSWORTH,8,2020-03-29
LOS ANGELES,CHATSWORTH,10,2020-03-30
LOS ANGELES,CHATSWORTH,14,2020-03-31
LOS ANGELES,CHATSWORTH,18,2020-04-01
LOS ANGELES,CHATSWORTH,20,2020-04-02
LOS ANGELES,CHATSWORTH,19,2020-04-03
LOS ANGELES,CHATSWORTH,21,2020-04-04
LOS ANGELES,CHATSWORTH,24,2020-04-05
LOS ANGELES,CHATSWORTH,27,2020-04-06
LOS ANGELES,CHATSWORTH,28,2020-04-07
LOS ANGELES,CHATSWORTH,30,2020-04-08
LOS ANGELES,CHATSWORTH,33,2020-04-09
LOS ANGELES,CHATSWORTH,35,2020-04-10
LOS ANGELES,CHATSWORTH,36,2020-04-11
LOS ANGELES,CHATSWORTH,36,2020-04-12
LOS ANGELES,CHEVIOT HILLS,NA,2020-03-27
LOS ANGELES,CHEVIOT HILLS,NA,2020-03-28
LOS ANGELES,CHEVIOT HILLS,NA,2020-03-29
LOS ANGELES,CHEVIOT HILLS,5,2020-03-30
LOS ANGELES,CHEVIOT HILLS,6,2020-03-31
LOS ANGELES,CHEVIOT HILLS,8,2020-04-01
LOS ANGELES,CHEVIOT HILLS,9,2020-04-02
LOS ANGELES,CHEVIOT HILLS,10,2020-04-03
LOS ANGELES,CHEVIOT HILLS,10,2020-04-04
LOS ANGELES,CHEVIOT HILLS,10,2020-04-05
LOS ANGELES,CHEVIOT HILLS,11,2020-04-06
LOS ANGELES,CHEVIOT HILLS,11,2020-04-07
LOS ANGELES,CHEVIOT HILLS,11,2020-04-08
LOS ANGELES,CHEVIOT HILLS,11,2020-04-09
LOS ANGELES,CHEVIOT HILLS,11,2020-04-10
LOS ANGELES,CHEVIOT HILLS,11,2020-04-11
LOS ANGELES,CHEVIOT HILLS,11,2020-04-12
LOS ANGELES,CHINATOWN,0,2020-03-27
LOS ANGELES,CHINATOWN,0,2020-03-28
LOS ANGELES,CHINATOWN,0,2020-03-29
LOS ANGELES,CHINATOWN,0,2020-03-30
LOS ANGELES,CHINATOWN,NA,2020-03-31
LOS ANGELES,CHINATOWN,NA,2020-04-01
LOS ANGELES,CHINATOWN,NA,2020-04-02
LOS ANGELES,CHINATOWN,NA,2020-04-03
LOS ANGELES,CHINATOWN,NA,2020-04-04
LOS ANGELES,CHINATOWN,NA,2020-04-05
LOS ANGELES,CHINATOWN,NA,2020-04-06
LOS ANGELES,CHINATOWN,NA,2020-04-07
LOS ANGELES,CHINATOWN,NA,2020-04-08
LOS ANGELES,CHINATOWN,NA,2020-04-09
LOS ANGELES,CHINATOWN,NA,2020-04-10
LOS ANGELES,CHINATOWN,NA,2020-04-11
LOS ANGELES,CHINATOWN,NA,2020-04-12
NA,CITY,2,2020-03-16
NA,CLAREMONT,1,2020-03-24
NA,CLAREMONT,1,2020-03-25
NA,CLAREMONT,1,2020-03-26
NA,CLAREMONT,1,2020-03-27
UNINCORPORATED,CLAREMONT,0,2020-03-27
NA,CLAREMONT,1,2020-03-28
UNINCORPORATED,CLAREMONT,0,2020-03-28
NA,CLAREMONT,1,2020-03-29
UNINCORPORATED,CLAREMONT,0,2020-03-29
NA,CLAREMONT,1,2020-03-30
UNINCORPORATED,CLAREMONT,0,2020-03-30
NA,CLAREMONT,2,2020-03-31
UNINCORPORATED,CLAREMONT,0,2020-03-31
NA,CLAREMONT,3,2020-04-01
UNINCORPORATED,CLAREMONT,0,2020-04-01
NA,CLAREMONT,3,2020-04-02
UNINCORPORATED,CLAREMONT,0,2020-04-02
NA,CLAREMONT,4,2020-04-03
UNINCORPORATED,CLAREMONT,0,2020-04-03
NA,CLAREMONT,3,2020-04-04
UNINCORPORATED,CLAREMONT,0,2020-04-04
NA,CLAREMONT,5,2020-04-05
UNINCORPORATED,CLAREMONT,0,2020-04-05
NA,CLAREMONT,6,2020-04-06
UNINCORPORATED,CLAREMONT,0,2020-04-06
NA,CLAREMONT,6,2020-04-07
UNINCORPORATED,CLAREMONT,0,2020-04-07
NA,CLAREMONT,8,2020-04-08
UNINCORPORATED,CLAREMONT,0,2020-04-08
NA,CLAREMONT,10,2020-04-09
UNINCORPORATED,CLAREMONT,0,2020-04-09
NA,CLAREMONT,10,2020-04-10
UNINCORPORATED,CLAREMONT,0,2020-04-10
NA,CLAREMONT,10,2020-04-11
UNINCORPORATED,CLAREMONT,0,2020-04-11
NA,CLAREMONT,12,2020-04-12
UNINCORPORATED,CLAREMONT,0,2020-04-12
NA,CLOVERDALE/COCHRAN,1,2020-03-23
NA,CLOVERDALE/COCHRAN,2,2020-03-24
NA,CLOVERDALE/COCHRAN,3,2020-03-25
NA,CLOVERDALE/COCHRAN,3,2020-03-26
LOS ANGELES,CLOVERDALE/COCHRAN,NA,2020-03-27
LOS ANGELES,CLOVERDALE/COCHRAN,NA,2020-03-28
LOS ANGELES,CLOVERDALE/COCHRAN,NA,2020-03-29
LOS ANGELES,CLOVERDALE/COCHRAN,NA,2020-03-30
LOS ANGELES,CLOVERDALE/COCHRAN,NA,2020-03-31
LOS ANGELES,CLOVERDALE/COCHRAN,5,2020-04-01
LOS ANGELES,CLOVERDALE/COCHRAN,5,2020-04-02
LOS ANGELES,CLOVERDALE/COCHRAN,8,2020-04-03
LOS ANGELES,CLOVERDALE/COCHRAN,10,2020-04-04
LOS ANGELES,CLOVERDALE/COCHRAN,10,2020-04-05
LOS ANGELES,CLOVERDALE/COCHRAN,10,2020-04-06
LOS ANGELES,CLOVERDALE/COCHRAN,10,2020-04-07
LOS ANGELES,CLOVERDALE/COCHRAN,10,2020-04-08
LOS ANGELES,CLOVERDALE/COCHRAN,10,2020-04-09
LOS ANGELES,CLOVERDALE/COCHRAN,11,2020-04-10
LOS ANGELES,CLOVERDALE/COCHRAN,11,2020-04-11
LOS ANGELES,CLOVERDALE/COCHRAN,11,2020-04-12
NA,COMMERCE,0,2020-03-27
NA,COMMERCE,0,2020-03-28
NA,COMMERCE,0,2020-03-29
NA,COMMERCE,NA,2020-03-30
NA,COMMERCE,NA,2020-03-31
NA,COMMERCE,NA,2020-04-01
NA,COMMERCE,0,2020-04-02
NA,COMMERCE,0,2020-04-03
NA,COMMERCE,0,2020-04-04
NA,COMMERCE,0,2020-04-05
NA,COMMERCE,0,2020-04-06
NA,COMMERCE,0,2020-04-07
NA,COMMERCE,0,2020-04-08
NA,COMMERCE,NA,2020-04-09
NA,COMMERCE,NA,2020-04-10
NA,COMMERCE,NA,2020-04-11
NA,COMMERCE,NA,2020-04-12
NA,COMPTON,1,2020-03-23
NA,COMPTON,1,2020-03-24
NA,COMPTON,2,2020-03-25
NA,COMPTON,5,2020-03-26
NA,COMPTON,7,2020-03-27
NA,COMPTON,9,2020-03-28
NA,COMPTON,11,2020-03-29
NA,COMPTON,13,2020-03-30
NA,COMPTON,16,2020-03-31
NA,COMPTON,19,2020-04-01
NA,COMPTON,24,2020-04-02
NA,COMPTON,26,2020-04-03
NA,COMPTON,31,2020-04-04
NA,COMPTON,34,2020-04-05
NA,COMPTON,36,2020-04-06
NA,COMPTON,38,2020-04-07
NA,COMPTON,44,2020-04-08
NA,COMPTON,49,2020-04-09
NA,COMPTON,54,2020-04-10
NA,COMPTON,61,2020-04-11
NA,COMPTON,64,2020-04-12
LOS ANGELES,COUNTRY CLUB PARK,NA,2020-03-27
LOS ANGELES,COUNTRY CLUB PARK,NA,2020-03-28
LOS ANGELES,COUNTRY CLUB PARK,NA,2020-03-29
LOS ANGELES,COUNTRY CLUB PARK,NA,2020-03-30
LOS ANGELES,COUNTRY CLUB PARK,5,2020-03-31
LOS ANGELES,COUNTRY CLUB PARK,8,2020-04-01
LOS ANGELES,COUNTRY CLUB PARK,9,2020-04-02
LOS ANGELES,COUNTRY CLUB PARK,9,2020-04-03
LOS ANGELES,COUNTRY CLUB PARK,10,2020-04-04
LOS ANGELES,COUNTRY CLUB PARK,12,2020-04-05
LOS ANGELES,COUNTRY CLUB PARK,14,2020-04-06
LOS ANGELES,COUNTRY CLUB PARK,15,2020-04-07
LOS ANGELES,COUNTRY CLUB PARK,16,2020-04-08
LOS ANGELES,COUNTRY CLUB PARK,18,2020-04-09
LOS ANGELES,COUNTRY CLUB PARK,21,2020-04-10
LOS ANGELES,COUNTRY CLUB PARK,22,2020-04-11
LOS ANGELES,COUNTRY CLUB PARK,23,2020-04-12
NA,COVINA,1,2020-03-19
NA,COVINA,1,2020-03-20
NA,COVINA,1,2020-03-21
NA,COVINA,1,2020-03-22
NA,COVINA,1,2020-03-23
NA,COVINA,3,2020-03-24
NA,COVINA,3,2020-03-25
NA,COVINA,4,2020-03-26
NA,COVINA,3,2020-03-27
UNINCORPORATED,COVINA,NA,2020-03-27
NA,COVINA,3,2020-03-28
UNINCORPORATED,COVINA,NA,2020-03-28
NA,COVINA,6,2020-03-29
UNINCORPORATED,COVINA,NA,2020-03-29
NA,COVINA,8,2020-03-30
UNINCORPORATED,COVINA,NA,2020-03-30
NA,COVINA,7,2020-03-31
UNINCORPORATED,COVINA,NA,2020-03-31
NA,COVINA,9,2020-04-01
UNINCORPORATED,COVINA,NA,2020-04-01
NA,COVINA,11,2020-04-02
UNINCORPORATED,COVINA,6,2020-04-02
NA,COVINA,11,2020-04-03
UNINCORPORATED,COVINA,6,2020-04-03
NA,COVINA,14,2020-04-04
UNINCORPORATED,COVINA,9,2020-04-04
NA,COVINA,18,2020-04-05
UNINCORPORATED,COVINA,10,2020-04-05
NA,COVINA,22,2020-04-06
UNINCORPORATED,COVINA,12,2020-04-06
NA,COVINA,24,2020-04-07
UNINCORPORATED,COVINA,12,2020-04-07
NA,COVINA,28,2020-04-08
UNINCORPORATED,COVINA,12,2020-04-08
NA,COVINA,33,2020-04-09
UNINCORPORATED,COVINA,12,2020-04-09
NA,COVINA,35,2020-04-10
UNINCORPORATED,COVINA,12,2020-04-10
NA,COVINA,38,2020-04-11
UNINCORPORATED,COVINA,12,2020-04-11
NA,COVINA,43,2020-04-12
UNINCORPORATED,COVINA,12,2020-04-12
UNINCORPORATED,COVINA (CHARTER OAK),0,2020-03-27
UNINCORPORATED,COVINA (CHARTER OAK),0,2020-03-28
UNINCORPORATED,COVINA (CHARTER OAK),0,2020-03-29
UNINCORPORATED,COVINA (CHARTER OAK),0,2020-03-30
UNINCORPORATED,COVINA (CHARTER OAK),0,2020-03-31
UNINCORPORATED,COVINA (CHARTER OAK),NA,2020-04-01
UNINCORPORATED,COVINA (CHARTER OAK),NA,2020-04-02
UNINCORPORATED,COVINA (CHARTER OAK),NA,2020-04-03
UNINCORPORATED,COVINA (CHARTER OAK),NA,2020-04-04
UNINCORPORATED,COVINA (CHARTER OAK),NA,2020-04-05
UNINCORPORATED,COVINA (CHARTER OAK),5,2020-04-06
UNINCORPORATED,COVINA (CHARTER OAK),5,2020-04-07
UNINCORPORATED,COVINA (CHARTER OAK),5,2020-04-08
UNINCORPORATED,COVINA (CHARTER OAK),5,2020-04-09
UNINCORPORATED,COVINA (CHARTER OAK),6,2020-04-10
UNINCORPORATED,COVINA (CHARTER OAK),7,2020-04-11
UNINCORPORATED,COVINA (CHARTER OAK),7,2020-04-12
NA,CRENSHAW DISTRICT,2,2020-03-25
NA,CRENSHAW DISTRICT,2,2020-03-26
LOS ANGELES,CRENSHAW DISTRICT,NA,2020-03-27
LOS ANGELES,CRENSHAW DISTRICT,NA,2020-03-28
LOS ANGELES,CRENSHAW DISTRICT,NA,2020-03-29
LOS ANGELES,CRENSHAW DISTRICT,NA,2020-03-30
LOS ANGELES,CRENSHAW DISTRICT,NA,2020-03-31
LOS ANGELES,CRENSHAW DISTRICT,5,2020-04-01
LOS ANGELES,CRENSHAW DISTRICT,7,2020-04-02
LOS ANGELES,CRENSHAW DISTRICT,7,2020-04-03
LOS ANGELES,CRENSHAW DISTRICT,8,2020-04-04
LOS ANGELES,CRENSHAW DISTRICT,9,2020-04-05
LOS ANGELES,CRENSHAW DISTRICT,9,2020-04-06
LOS ANGELES,CRENSHAW DISTRICT,9,2020-04-07
LOS ANGELES,CRENSHAW DISTRICT,12,2020-04-08
LOS ANGELES,CRENSHAW DISTRICT,13,2020-04-09
LOS ANGELES,CRENSHAW DISTRICT,13,2020-04-10
LOS ANGELES,CRENSHAW DISTRICT,16,2020-04-11
LOS ANGELES,CRENSHAW DISTRICT,16,2020-04-12
NA,CRESTVIEW,1,2020-03-19
NA,CRESTVIEW,1,2020-03-20
NA,CRESTVIEW,4,2020-03-21
NA,CRESTVIEW,5,2020-03-22
NA,CRESTVIEW,6,2020-03-23
NA,CRESTVIEW,7,2020-03-24
NA,CRESTVIEW,7,2020-03-25
NA,CRESTVIEW,9,2020-03-26
LOS ANGELES,CRESTVIEW,7,2020-03-27
LOS ANGELES,CRESTVIEW,9,2020-03-28
LOS ANGELES,CRESTVIEW,11,2020-03-29
LOS ANGELES,CRESTVIEW,13,2020-03-30
LOS ANGELES,CRESTVIEW,13,2020-03-31
LOS ANGELES,CRESTVIEW,15,2020-04-01
LOS ANGELES,CRESTVIEW,17,2020-04-02
LOS ANGELES,CRESTVIEW,20,2020-04-03
LOS ANGELES,CRESTVIEW,20,2020-04-04
LOS ANGELES,CRESTVIEW,23,2020-04-05
LOS ANGELES,CRESTVIEW,29,2020-04-06
LOS ANGELES,CRESTVIEW,31,2020-04-07
LOS ANGELES,CRESTVIEW,31,2020-04-08
LOS ANGELES,CRESTVIEW,33,2020-04-09
LOS ANGELES,CRESTVIEW,35,2020-04-10
LOS ANGELES,CRESTVIEW,40,2020-04-11
LOS ANGELES,CRESTVIEW,42,2020-04-12
NA,CUDAHY,NA,2020-03-27
NA,CUDAHY,NA,2020-03-28
NA,CUDAHY,NA,2020-03-29
NA,CUDAHY,NA,2020-03-30
NA,CUDAHY,NA,2020-03-31
NA,CUDAHY,8,2020-04-01
NA,CUDAHY,9,2020-04-02
NA,CUDAHY,10,2020-04-03
NA,CUDAHY,12,2020-04-04
NA,CUDAHY,15,2020-04-05
NA,CUDAHY,16,2020-04-06
NA,CUDAHY,18,2020-04-07
NA,CUDAHY,19,2020-04-08
NA,CUDAHY,19,2020-04-09
NA,CUDAHY,20,2020-04-10
NA,CUDAHY,21,2020-04-11
NA,CUDAHY,21,2020-04-12
NA,CULVER CITY,2,2020-03-17
NA,CULVER CITY,2,2020-03-18
NA,CULVER CITY,3,2020-03-19
NA,CULVER CITY,4,2020-03-20
NA,CULVER CITY,4,2020-03-21
NA,CULVER CITY,4,2020-03-22
NA,CULVER CITY,5,2020-03-23
NA,CULVER CITY,7,2020-03-24
NA,CULVER CITY,6,2020-03-25
NA,CULVER CITY,8,2020-03-26
NA,CULVER CITY,6,2020-03-27
NA,CULVER CITY,7,2020-03-28
NA,CULVER CITY,9,2020-03-29
NA,CULVER CITY,14,2020-03-30
NA,CULVER CITY,15,2020-03-31
NA,CULVER CITY,17,2020-04-01
NA,CULVER CITY,19,2020-04-02
NA,CULVER CITY,20,2020-04-03
NA,CULVER CITY,23,2020-04-04
NA,CULVER CITY,26,2020-04-05
NA,CULVER CITY,27,2020-04-06
NA,CULVER CITY,29,2020-04-07
NA,CULVER CITY,29,2020-04-08
NA,CULVER CITY,30,2020-04-09
NA,CULVER CITY,31,2020-04-10
NA,CULVER CITY,31,2020-04-11
NA,CULVER CITY,31,2020-04-12
UNINCORPORATED,DEL AIRE,0,2020-03-27
UNINCORPORATED,DEL AIRE,0,2020-03-28
UNINCORPORATED,DEL AIRE,0,2020-03-29
UNINCORPORATED,DEL AIRE,NA,2020-03-30
UNINCORPORATED,DEL AIRE,NA,2020-03-31
UNINCORPORATED,DEL AIRE,NA,2020-04-01
UNINCORPORATED,DEL AIRE,NA,2020-04-02
UNINCORPORATED,DEL AIRE,NA,2020-04-03
UNINCORPORATED,DEL AIRE,NA,2020-04-04
UNINCORPORATED,DEL AIRE,NA,2020-04-05
UNINCORPORATED,DEL AIRE,5,2020-04-06
UNINCORPORATED,DEL AIRE,5,2020-04-07
UNINCORPORATED,DEL AIRE,5,2020-04-08
UNINCORPORATED,DEL AIRE,5,2020-04-09
UNINCORPORATED,DEL AIRE,5,2020-04-10
UNINCORPORATED,DEL AIRE,5,2020-04-11
UNINCORPORATED,DEL AIRE,5,2020-04-12
NA,DEL REY,2,2020-03-21
NA,DEL REY,2,2020-03-22
NA,DEL REY,2,2020-03-23
NA,DEL REY,3,2020-03-24
NA,DEL REY,5,2020-03-25
NA,DEL REY,9,2020-03-26
LOS ANGELES,DEL REY,9,2020-03-27
UNINCORPORATED,DEL REY,0,2020-03-27
LOS ANGELES,DEL REY,10,2020-03-28
UNINCORPORATED,DEL REY,0,2020-03-28
LOS ANGELES,DEL REY,12,2020-03-29
UNINCORPORATED,DEL REY,0,2020-03-29
LOS ANGELES,DEL REY,14,2020-03-30
UNINCORPORATED,DEL REY,0,2020-03-30
LOS ANGELES,DEL REY,16,2020-03-31
UNINCORPORATED,DEL REY,0,2020-03-31
LOS ANGELES,DEL REY,17,2020-04-01
UNINCORPORATED,DEL REY,0,2020-04-01
LOS ANGELES,DEL REY,20,2020-04-02
UNINCORPORATED,DEL REY,0,2020-04-02
LOS ANGELES,DEL REY,22,2020-04-03
UNINCORPORATED,DEL REY,0,2020-04-03
LOS ANGELES,DEL REY,25,2020-04-04
UNINCORPORATED,DEL REY,0,2020-04-04
LOS ANGELES,DEL REY,27,2020-04-05
UNINCORPORATED,DEL REY,0,2020-04-05
LOS ANGELES,DEL REY,27,2020-04-06
UNINCORPORATED,DEL REY,0,2020-04-06
LOS ANGELES,DEL REY,29,2020-04-07
UNINCORPORATED,DEL REY,0,2020-04-07
LOS ANGELES,DEL REY,29,2020-04-08
UNINCORPORATED,DEL REY,0,2020-04-08
LOS ANGELES,DEL REY,31,2020-04-09
UNINCORPORATED,DEL REY,0,2020-04-09
LOS ANGELES,DEL REY,31,2020-04-10
UNINCORPORATED,DEL REY,0,2020-04-10
LOS ANGELES,DEL REY,32,2020-04-11
UNINCORPORATED,DEL REY,0,2020-04-11
LOS ANGELES,DEL REY,32,2020-04-12
UNINCORPORATED,DEL REY,0,2020-04-12
UNINCORPORATED,DEL SUR,0,2020-03-27
UNINCORPORATED,DEL SUR,0,2020-03-28
UNINCORPORATED,DEL SUR,0,2020-03-29
UNINCORPORATED,DEL SUR,0,2020-03-30
UNINCORPORATED,DEL SUR,0,2020-03-31
UNINCORPORATED,DEL SUR,0,2020-04-01
UNINCORPORATED,DEL SUR,0,2020-04-02
UNINCORPORATED,DEL SUR,0,2020-04-03
UNINCORPORATED,DEL SUR,0,2020-04-04
UNINCORPORATED,DEL SUR,0,2020-04-05
UNINCORPORATED,DEL SUR,0,2020-04-06
UNINCORPORATED,DEL SUR,0,2020-04-07
UNINCORPORATED,DEL SUR,0,2020-04-08
UNINCORPORATED,DEL SUR,0,2020-04-09
UNINCORPORATED,DEL SUR,0,2020-04-10
UNINCORPORATED,DEL SUR,0,2020-04-11
UNINCORPORATED,DEL SUR,0,2020-04-12
UNINCORPORATED,DESERT VIEW HIGHLANDS,0,2020-03-27
UNINCORPORATED,DESERT VIEW HIGHLANDS,0,2020-03-28
UNINCORPORATED,DESERT VIEW HIGHLANDS,0,2020-03-29
UNINCORPORATED,DESERT VIEW HIGHLANDS,0,2020-03-30
UNINCORPORATED,DESERT VIEW HIGHLANDS,0,2020-03-31
UNINCORPORATED,DESERT VIEW HIGHLANDS,0,2020-04-01
UNINCORPORATED,DESERT VIEW HIGHLANDS,0,2020-04-02
UNINCORPORATED,DESERT VIEW HIGHLANDS,0,2020-04-03
UNINCORPORATED,DESERT VIEW HIGHLANDS,0,2020-04-04
UNINCORPORATED,DESERT VIEW HIGHLANDS,0,2020-04-05
UNINCORPORATED,DESERT VIEW HIGHLANDS,NA,2020-04-06
UNINCORPORATED,DESERT VIEW HIGHLANDS,NA,2020-04-07
UNINCORPORATED,DESERT VIEW HIGHLANDS,NA,2020-04-08
UNINCORPORATED,DESERT VIEW HIGHLANDS,NA,2020-04-09
UNINCORPORATED,DESERT VIEW HIGHLANDS,NA,2020-04-10
UNINCORPORATED,DESERT VIEW HIGHLANDS,NA,2020-04-11
UNINCORPORATED,DESERT VIEW HIGHLANDS,NA,2020-04-12
NA,DIAMOND BAR,2,2020-03-16
NA,DIAMOND BAR,2,2020-03-17
NA,DIAMOND BAR,2,2020-03-18
NA,DIAMOND BAR,2,2020-03-19
NA,DIAMOND BAR,2,2020-03-20
NA,DIAMOND BAR,2,2020-03-21
NA,DIAMOND BAR,2,2020-03-22
NA,DIAMOND BAR,2,2020-03-23
NA,DIAMOND BAR,2,2020-03-24
NA,DIAMOND BAR,2,2020-03-25
NA,DIAMOND BAR,2,2020-03-26
NA,DIAMOND BAR,2,2020-03-27
NA,DIAMOND BAR,2,2020-03-28
NA,DIAMOND BAR,3,2020-03-29
NA,DIAMOND BAR,3,2020-03-30
NA,DIAMOND BAR,3,2020-03-31
NA,DIAMOND BAR,6,2020-04-01
NA,DIAMOND BAR,7,2020-04-02
NA,DIAMOND BAR,8,2020-04-03
NA,DIAMOND BAR,11,2020-04-04
NA,DIAMOND BAR,12,2020-04-05
NA,DIAMOND BAR,13,2020-04-06
NA,DIAMOND BAR,14,2020-04-07
NA,DIAMOND BAR,14,2020-04-08
NA,DIAMOND BAR,17,2020-04-09
NA,DIAMOND BAR,18,2020-04-10
NA,DIAMOND BAR,19,2020-04-11
NA,DIAMOND BAR,20,2020-04-12
NA,DOWNEY,1,2020-03-24
NA,DOWNEY,5,2020-03-25
NA,DOWNEY,10,2020-03-26
NA,DOWNEY,12,2020-03-27
NA,DOWNEY,18,2020-03-28
NA,DOWNEY,19,2020-03-29
NA,DOWNEY,25,2020-03-30
NA,DOWNEY,31,2020-03-31
NA,DOWNEY,37,2020-04-01
NA,DOWNEY,43,2020-04-02
NA,DOWNEY,47,2020-04-03
NA,DOWNEY,52,2020-04-04
NA,DOWNEY,68,2020-04-05
NA,DOWNEY,71,2020-04-06
NA,DOWNEY,79,2020-04-07
NA,DOWNEY,84,2020-04-08
NA,DOWNEY,89,2020-04-09
NA,DOWNEY,94,2020-04-10
NA,DOWNEY,100,2020-04-11
NA,DOWNEY,101,2020-04-12
NA,DOWNTOWN,1,2020-03-20
NA,DOWNTOWN,1,2020-03-21
NA,DOWNTOWN,1,2020-03-22
NA,DOWNTOWN,2,2020-03-23
NA,DOWNTOWN,3,2020-03-24
NA,DOWNTOWN,6,2020-03-25
NA,DOWNTOWN,7,2020-03-26
LOS ANGELES,DOWNTOWN,8,2020-03-27
LOS ANGELES,DOWNTOWN,9,2020-03-28
LOS ANGELES,DOWNTOWN,10,2020-03-29
LOS ANGELES,DOWNTOWN,11,2020-03-30
LOS ANGELES,DOWNTOWN,14,2020-03-31
LOS ANGELES,DOWNTOWN,15,2020-04-01
LOS ANGELES,DOWNTOWN,15,2020-04-02
LOS ANGELES,DOWNTOWN,17,2020-04-03
LOS ANGELES,DOWNTOWN,18,2020-04-04
LOS ANGELES,DOWNTOWN,19,2020-04-05
LOS ANGELES,DOWNTOWN,21,2020-04-06
LOS ANGELES,DOWNTOWN,20,2020-04-07
LOS ANGELES,DOWNTOWN,23,2020-04-08
LOS ANGELES,DOWNTOWN,24,2020-04-09
LOS ANGELES,DOWNTOWN,24,2020-04-10
LOS ANGELES,DOWNTOWN,26,2020-04-11
LOS ANGELES,DOWNTOWN,27,2020-04-12
NA,DUARTE,1,2020-03-23
NA,DUARTE,1,2020-03-24
NA,DUARTE,1,2020-03-25
NA,DUARTE,2,2020-03-26
NA,DUARTE,NA,2020-03-27
UNINCORPORATED,DUARTE,0,2020-03-27
NA,DUARTE,NA,2020-03-28
UNINCORPORATED,DUARTE,0,2020-03-28
NA,DUARTE,NA,2020-03-29
UNINCORPORATED,DUARTE,0,2020-03-29
NA,DUARTE,NA,2020-03-30
UNINCORPORATED,DUARTE,0,2020-03-30
NA,DUARTE,NA,2020-03-31
UNINCORPORATED,DUARTE,0,2020-03-31
NA,DUARTE,NA,2020-04-01
UNINCORPORATED,DUARTE,0,2020-04-01
NA,DUARTE,NA,2020-04-02
UNINCORPORATED,DUARTE,0,2020-04-02
NA,DUARTE,NA,2020-04-03
UNINCORPORATED,DUARTE,0,2020-04-03
NA,DUARTE,NA,2020-04-04
UNINCORPORATED,DUARTE,0,2020-04-04
NA,DUARTE,NA,2020-04-05
UNINCORPORATED,DUARTE,0,2020-04-05
NA,DUARTE,NA,2020-04-06
UNINCORPORATED,DUARTE,0,2020-04-06
NA,DUARTE,NA,2020-04-07
UNINCORPORATED,DUARTE,0,2020-04-07
NA,DUARTE,NA,2020-04-08
UNINCORPORATED,DUARTE,0,2020-04-08
NA,DUARTE,5,2020-04-09
UNINCORPORATED,DUARTE,0,2020-04-09
NA,DUARTE,8,2020-04-10
UNINCORPORATED,DUARTE,0,2020-04-10
NA,DUARTE,10,2020-04-11
UNINCORPORATED,DUARTE,0,2020-04-11
NA,DUARTE,10,2020-04-12
UNINCORPORATED,DUARTE,0,2020-04-12
NA,EAGLE ROCK,1,2020-03-17
LOS ANGELES,EAGLE ROCK,1,2020-03-18
NA,EAGLE ROCK,1,2020-03-19
NA,EAGLE ROCK,1,2020-03-20
NA,EAGLE ROCK,1,2020-03-21
NA,EAGLE ROCK,1,2020-03-22
NA,EAGLE ROCK,2,2020-03-23
NA,EAGLE ROCK,2,2020-03-24
NA,EAGLE ROCK,2,2020-03-25
NA,EAGLE ROCK,3,2020-03-26
LOS ANGELES,EAGLE ROCK,4,2020-03-27
LOS ANGELES,EAGLE ROCK,8,2020-03-28
LOS ANGELES,EAGLE ROCK,8,2020-03-29
LOS ANGELES,EAGLE ROCK,8,2020-03-30
LOS ANGELES,EAGLE ROCK,10,2020-03-31
LOS ANGELES,EAGLE ROCK,11,2020-04-01
LOS ANGELES,EAGLE ROCK,13,2020-04-02
LOS ANGELES,EAGLE ROCK,14,2020-04-03
LOS ANGELES,EAGLE ROCK,18,2020-04-04
LOS ANGELES,EAGLE ROCK,21,2020-04-05
LOS ANGELES,EAGLE ROCK,22,2020-04-06
LOS ANGELES,EAGLE ROCK,25,2020-04-07
LOS ANGELES,EAGLE ROCK,29,2020-04-08
LOS ANGELES,EAGLE ROCK,33,2020-04-09
LOS ANGELES,EAGLE ROCK,34,2020-04-10
LOS ANGELES,EAGLE ROCK,34,2020-04-11
LOS ANGELES,EAGLE ROCK,35,2020-04-12
UNINCORPORATED,EAST COVINA,0,2020-03-27
UNINCORPORATED,EAST COVINA,0,2020-03-28
UNINCORPORATED,EAST COVINA,0,2020-03-29
UNINCORPORATED,EAST COVINA,0,2020-03-30
UNINCORPORATED,EAST COVINA,0,2020-03-31
UNINCORPORATED,EAST COVINA,0,2020-04-01
UNINCORPORATED,EAST COVINA,0,2020-04-02
UNINCORPORATED,EAST COVINA,0,2020-04-03
UNINCORPORATED,EAST COVINA,0,2020-04-04
UNINCORPORATED,EAST COVINA,0,2020-04-05
UNINCORPORATED,EAST COVINA,0,2020-04-06
UNINCORPORATED,EAST COVINA,0,2020-04-07
UNINCORPORATED,EAST COVINA,0,2020-04-08
UNINCORPORATED,EAST COVINA,0,2020-04-09
UNINCORPORATED,EAST COVINA,0,2020-04-10
UNINCORPORATED,EAST COVINA,0,2020-04-11
UNINCORPORATED,EAST COVINA,0,2020-04-12
NA,EAST HOLLYWOOD,1,2020-03-22
NA,EAST HOLLYWOOD,1,2020-03-23
NA,EAST HOLLYWOOD,1,2020-03-24
NA,EAST HOLLYWOOD,1,2020-03-25
NA,EAST HOLLYWOOD,2,2020-03-26
LOS ANGELES,EAST HOLLYWOOD,3,2020-03-27
LOS ANGELES,EAST HOLLYWOOD,5,2020-03-28
LOS ANGELES,EAST HOLLYWOOD,6,2020-03-29
LOS ANGELES,EAST HOLLYWOOD,10,2020-03-30
LOS ANGELES,EAST HOLLYWOOD,13,2020-03-31
LOS ANGELES,EAST HOLLYWOOD,12,2020-04-01
LOS ANGELES,EAST HOLLYWOOD,12,2020-04-02
LOS ANGELES,EAST HOLLYWOOD,14,2020-04-03
LOS ANGELES,EAST HOLLYWOOD,16,2020-04-04
LOS ANGELES,EAST HOLLYWOOD,16,2020-04-05
LOS ANGELES,EAST HOLLYWOOD,18,2020-04-06
LOS ANGELES,EAST HOLLYWOOD,18,2020-04-07
LOS ANGELES,EAST HOLLYWOOD,23,2020-04-08
LOS ANGELES,EAST HOLLYWOOD,29,2020-04-09
LOS ANGELES,EAST HOLLYWOOD,37,2020-04-10
LOS ANGELES,EAST HOLLYWOOD,42,2020-04-11
LOS ANGELES,EAST HOLLYWOOD,45,2020-04-12
UNINCORPORATED,EAST LA MIRADA,0,2020-03-27
UNINCORPORATED,EAST LA MIRADA,0,2020-03-28
UNINCORPORATED,EAST LA MIRADA,0,2020-03-29
UNINCORPORATED,EAST LA MIRADA,0,2020-03-30
UNINCORPORATED,EAST LA MIRADA,NA,2020-03-31
UNINCORPORATED,EAST LA MIRADA,NA,2020-04-01
UNINCORPORATED,EAST LA MIRADA,NA,2020-04-02
UNINCORPORATED,EAST LA MIRADA,NA,2020-04-03
UNINCORPORATED,EAST LA MIRADA,NA,2020-04-04
UNINCORPORATED,EAST LA MIRADA,NA,2020-04-05
UNINCORPORATED,EAST LA MIRADA,NA,2020-04-06
UNINCORPORATED,EAST LA MIRADA,NA,2020-04-07
UNINCORPORATED,EAST LA MIRADA,NA,2020-04-08
UNINCORPORATED,EAST LA MIRADA,NA,2020-04-09
UNINCORPORATED,EAST LA MIRADA,NA,2020-04-10
UNINCORPORATED,EAST LA MIRADA,NA,2020-04-11
UNINCORPORATED,EAST LA MIRADA,NA,2020-04-12
UNINCORPORATED,EAST LANCASTER,0,2020-03-27
UNINCORPORATED,EAST LANCASTER,0,2020-03-28
UNINCORPORATED,EAST LANCASTER,0,2020-03-29
UNINCORPORATED,EAST LANCASTER,0,2020-03-30
UNINCORPORATED,EAST LANCASTER,0,2020-03-31
UNINCORPORATED,EAST LANCASTER,0,2020-04-01
UNINCORPORATED,EAST LANCASTER,0,2020-04-02
UNINCORPORATED,EAST LANCASTER,0,2020-04-03
UNINCORPORATED,EAST LANCASTER,0,2020-04-04
UNINCORPORATED,EAST LANCASTER,0,2020-04-05
UNINCORPORATED,EAST LANCASTER,0,2020-04-06
UNINCORPORATED,EAST LANCASTER,0,2020-04-07
UNINCORPORATED,EAST LANCASTER,0,2020-04-08
UNINCORPORATED,EAST LANCASTER,0,2020-04-09
UNINCORPORATED,EAST LANCASTER,0,2020-04-10
UNINCORPORATED,EAST LANCASTER,0,2020-04-11
UNINCORPORATED,EAST LANCASTER,0,2020-04-12
NA,EAST LOS ANGELES,1,2020-03-19
NA,EAST LOS ANGELES,1,2020-03-20
NA,EAST LOS ANGELES,1,2020-03-21
NA,EAST LOS ANGELES,2,2020-03-22
NA,EAST LOS ANGELES,2,2020-03-23
NA,EAST LOS ANGELES,3,2020-03-24
NA,EAST LOS ANGELES,3,2020-03-25
NA,EAST LOS ANGELES,4,2020-03-26
UNINCORPORATED,EAST LOS ANGELES,6,2020-03-27
UNINCORPORATED,EAST LOS ANGELES,8,2020-03-28
UNINCORPORATED,EAST LOS ANGELES,9,2020-03-29
UNINCORPORATED,EAST LOS ANGELES,11,2020-03-30
UNINCORPORATED,EAST LOS ANGELES,14,2020-03-31
UNINCORPORATED,EAST LOS ANGELES,16,2020-04-01
UNINCORPORATED,EAST LOS ANGELES,23,2020-04-02
UNINCORPORATED,EAST LOS ANGELES,28,2020-04-03
UNINCORPORATED,EAST LOS ANGELES,40,2020-04-04
UNINCORPORATED,EAST LOS ANGELES,44,2020-04-05
UNINCORPORATED,EAST LOS ANGELES,51,2020-04-06
UNINCORPORATED,EAST LOS ANGELES,56,2020-04-07
UNINCORPORATED,EAST LOS ANGELES,64,2020-04-08
UNINCORPORATED,EAST LOS ANGELES,69,2020-04-09
UNINCORPORATED,EAST LOS ANGELES,75,2020-04-10
UNINCORPORATED,EAST LOS ANGELES,86,2020-04-11
UNINCORPORATED,EAST LOS ANGELES,91,2020-04-12
UNINCORPORATED,EAST PASADENA,0,2020-03-27
UNINCORPORATED,EAST PASADENA,0,2020-03-28
UNINCORPORATED,EAST PASADENA,0,2020-03-29
UNINCORPORATED,EAST PASADENA,0,2020-03-30
UNINCORPORATED,EAST PASADENA,0,2020-03-31
UNINCORPORATED,EAST PASADENA,0,2020-04-01
UNINCORPORATED,EAST PASADENA,0,2020-04-02
UNINCORPORATED,EAST PASADENA,0,2020-04-03
UNINCORPORATED,EAST PASADENA,0,2020-04-04
UNINCORPORATED,EAST PASADENA,0,2020-04-05
UNINCORPORATED,EAST PASADENA,0,2020-04-06
UNINCORPORATED,EAST PASADENA,0,2020-04-07
UNINCORPORATED,EAST PASADENA,0,2020-04-08
UNINCORPORATED,EAST PASADENA,0,2020-04-09
UNINCORPORATED,EAST PASADENA,0,2020-04-10
UNINCORPORATED,EAST PASADENA,0,2020-04-11
UNINCORPORATED,EAST PASADENA,0,2020-04-12
UNINCORPORATED,EAST RANCHO DOMINGUEZ,0,2020-03-27
UNINCORPORATED,EAST RANCHO DOMINGUEZ,0,2020-03-28
UNINCORPORATED,EAST RANCHO DOMINGUEZ,0,2020-03-29
UNINCORPORATED,EAST RANCHO DOMINGUEZ,0,2020-03-30
UNINCORPORATED,EAST RANCHO DOMINGUEZ,0,2020-03-31
UNINCORPORATED,EAST RANCHO DOMINGUEZ,NA,2020-04-01
UNINCORPORATED,EAST RANCHO DOMINGUEZ,NA,2020-04-02
UNINCORPORATED,EAST RANCHO DOMINGUEZ,NA,2020-04-03
UNINCORPORATED,EAST RANCHO DOMINGUEZ,NA,2020-04-04
UNINCORPORATED,EAST RANCHO DOMINGUEZ,6,2020-04-05
UNINCORPORATED,EAST RANCHO DOMINGUEZ,6,2020-04-06
UNINCORPORATED,EAST RANCHO DOMINGUEZ,7,2020-04-07
UNINCORPORATED,EAST RANCHO DOMINGUEZ,8,2020-04-08
UNINCORPORATED,EAST RANCHO DOMINGUEZ,8,2020-04-09
UNINCORPORATED,EAST RANCHO DOMINGUEZ,9,2020-04-10
UNINCORPORATED,EAST RANCHO DOMINGUEZ,10,2020-04-11
UNINCORPORATED,EAST RANCHO DOMINGUEZ,10,2020-04-12
UNINCORPORATED,EAST WHITTIER,NA,2020-03-27
UNINCORPORATED,EAST WHITTIER,NA,2020-03-28
UNINCORPORATED,EAST WHITTIER,NA,2020-03-29
UNINCORPORATED,EAST WHITTIER,NA,2020-03-30
UNINCORPORATED,EAST WHITTIER,NA,2020-03-31
UNINCORPORATED,EAST WHITTIER,NA,2020-04-01
UNINCORPORATED,EAST WHITTIER,NA,2020-04-02
UNINCORPORATED,EAST WHITTIER,NA,2020-04-03
UNINCORPORATED,EAST WHITTIER,NA,2020-04-04
UNINCORPORATED,EAST WHITTIER,NA,2020-04-05
UNINCORPORATED,EAST WHITTIER,NA,2020-04-06
UNINCORPORATED,EAST WHITTIER,NA,2020-04-07
UNINCORPORATED,EAST WHITTIER,NA,2020-04-08
UNINCORPORATED,EAST WHITTIER,NA,2020-04-09
UNINCORPORATED,EAST WHITTIER,NA,2020-04-10
UNINCORPORATED,EAST WHITTIER,NA,2020-04-11
UNINCORPORATED,EAST WHITTIER,NA,2020-04-12
NA,ECHO PARK,1,2020-03-19
NA,ECHO PARK,1,2020-03-20
NA,ECHO PARK,1,2020-03-21
NA,ECHO PARK,1,2020-03-22
NA,ECHO PARK,2,2020-03-23
NA,ECHO PARK,2,2020-03-24
NA,ECHO PARK,4,2020-03-25
NA,ECHO PARK,7,2020-03-26
LOS ANGELES,ECHO PARK,NA,2020-03-27
LOS ANGELES,ECHO PARK,NA,2020-03-28
LOS ANGELES,ECHO PARK,NA,2020-03-29
LOS ANGELES,ECHO PARK,5,2020-03-30
LOS ANGELES,ECHO PARK,5,2020-03-31
LOS ANGELES,ECHO PARK,6,2020-04-01
LOS ANGELES,ECHO PARK,6,2020-04-02
LOS ANGELES,ECHO PARK,8,2020-04-03
LOS ANGELES,ECHO PARK,8,2020-04-04
LOS ANGELES,ECHO PARK,9,2020-04-05
LOS ANGELES,ECHO PARK,9,2020-04-06
LOS ANGELES,ECHO PARK,9,2020-04-07
LOS ANGELES,ECHO PARK,9,2020-04-08
LOS ANGELES,ECHO PARK,9,2020-04-09
LOS ANGELES,ECHO PARK,10,2020-04-10
LOS ANGELES,ECHO PARK,10,2020-04-11
LOS ANGELES,ECHO PARK,9,2020-04-12
UNINCORPORATED,EL CAMINO VILLAGE,0,2020-03-27
UNINCORPORATED,EL CAMINO VILLAGE,0,2020-03-28
UNINCORPORATED,EL CAMINO VILLAGE,0,2020-03-29
UNINCORPORATED,EL CAMINO VILLAGE,0,2020-03-30
UNINCORPORATED,EL CAMINO VILLAGE,0,2020-03-31
UNINCORPORATED,EL CAMINO VILLAGE,NA,2020-04-01
UNINCORPORATED,EL CAMINO VILLAGE,NA,2020-04-02
UNINCORPORATED,EL CAMINO VILLAGE,NA,2020-04-03
UNINCORPORATED,EL CAMINO VILLAGE,NA,2020-04-04
UNINCORPORATED,EL CAMINO VILLAGE,NA,2020-04-05
UNINCORPORATED,EL CAMINO VILLAGE,NA,2020-04-06
UNINCORPORATED,EL CAMINO VILLAGE,NA,2020-04-07
UNINCORPORATED,EL CAMINO VILLAGE,NA,2020-04-08
UNINCORPORATED,EL CAMINO VILLAGE,NA,2020-04-09
UNINCORPORATED,EL CAMINO VILLAGE,NA,2020-04-10
UNINCORPORATED,EL CAMINO VILLAGE,NA,2020-04-11
UNINCORPORATED,EL CAMINO VILLAGE,NA,2020-04-12
NA,EL MONTE,0,2020-03-27
UNINCORPORATED,EL MONTE,0,2020-03-27
NA,EL MONTE,0,2020-03-28
UNINCORPORATED,EL MONTE,0,2020-03-28
NA,EL MONTE,0,2020-03-29
UNINCORPORATED,EL MONTE,0,2020-03-29
NA,EL MONTE,1,2020-03-30
UNINCORPORATED,EL MONTE,0,2020-03-30
NA,EL MONTE,4,2020-03-31
UNINCORPORATED,EL MONTE,0,2020-03-31
NA,EL MONTE,6,2020-04-01
UNINCORPORATED,EL MONTE,0,2020-04-01
NA,EL MONTE,7,2020-04-02
UNINCORPORATED,EL MONTE,0,2020-04-02
NA,EL MONTE,10,2020-04-03
UNINCORPORATED,EL MONTE,0,2020-04-03
NA,EL MONTE,12,2020-04-04
UNINCORPORATED,EL MONTE,0,2020-04-04
NA,EL MONTE,18,2020-04-05
UNINCORPORATED,EL MONTE,0,2020-04-05
NA,EL MONTE,21,2020-04-06
UNINCORPORATED,EL MONTE,0,2020-04-06
NA,EL MONTE,22,2020-04-07
UNINCORPORATED,EL MONTE,0,2020-04-07
NA,EL MONTE,23,2020-04-08
UNINCORPORATED,EL MONTE,0,2020-04-08
NA,EL MONTE,25,2020-04-09
UNINCORPORATED,EL MONTE,0,2020-04-09
NA,EL MONTE,26,2020-04-10
UNINCORPORATED,EL MONTE,0,2020-04-10
NA,EL MONTE,28,2020-04-11
UNINCORPORATED,EL MONTE,0,2020-04-11
NA,EL MONTE,28,2020-04-12
UNINCORPORATED,EL MONTE,0,2020-04-12
NA,EL SEGUNDO,1,2020-03-20
NA,EL SEGUNDO,2,2020-03-21
NA,EL SEGUNDO,1,2020-03-22
NA,EL SEGUNDO,1,2020-03-23
NA,EL SEGUNDO,2,2020-03-24
NA,EL SEGUNDO,2,2020-03-25
NA,EL SEGUNDO,2,2020-03-26
NA,EL SEGUNDO,NA,2020-03-27
NA,EL SEGUNDO,NA,2020-03-28
NA,EL SEGUNDO,NA,2020-03-29
NA,EL SEGUNDO,NA,2020-03-30
NA,EL SEGUNDO,NA,2020-03-31
NA,EL SEGUNDO,NA,2020-04-01
NA,EL SEGUNDO,NA,2020-04-02
NA,EL SEGUNDO,5,2020-04-03
NA,EL SEGUNDO,6,2020-04-04
NA,EL SEGUNDO,7,2020-04-05
NA,EL SEGUNDO,7,2020-04-06
NA,EL SEGUNDO,8,2020-04-07
NA,EL SEGUNDO,8,2020-04-08
NA,EL SEGUNDO,9,2020-04-09
NA,EL SEGUNDO,10,2020-04-10
NA,EL SEGUNDO,11,2020-04-11
NA,EL SEGUNDO,11,2020-04-12
LOS ANGELES,EL SERENO,0,2020-03-27
LOS ANGELES,EL SERENO,1,2020-03-28
LOS ANGELES,EL SERENO,3,2020-03-29
LOS ANGELES,EL SERENO,3,2020-03-30
LOS ANGELES,EL SERENO,3,2020-03-31
LOS ANGELES,EL SERENO,4,2020-04-01
LOS ANGELES,EL SERENO,9,2020-04-02
LOS ANGELES,EL SERENO,12,2020-04-03
LOS ANGELES,EL SERENO,16,2020-04-04
LOS ANGELES,EL SERENO,18,2020-04-05
LOS ANGELES,EL SERENO,20,2020-04-06
LOS ANGELES,EL SERENO,22,2020-04-07
LOS ANGELES,EL SERENO,24,2020-04-08
LOS ANGELES,EL SERENO,28,2020-04-09
LOS ANGELES,EL SERENO,35,2020-04-10
LOS ANGELES,EL SERENO,35,2020-04-11
LOS ANGELES,EL SERENO,35,2020-04-12
UNINCORPORATED,ELIZABETH LAKE,0,2020-03-27
UNINCORPORATED,ELIZABETH LAKE,0,2020-03-28
UNINCORPORATED,ELIZABETH LAKE,0,2020-03-29
UNINCORPORATED,ELIZABETH LAKE,0,2020-03-30
UNINCORPORATED,ELIZABETH LAKE,0,2020-03-31
UNINCORPORATED,ELIZABETH LAKE,0,2020-04-01
UNINCORPORATED,ELIZABETH LAKE,0,2020-04-02
UNINCORPORATED,ELIZABETH LAKE,0,2020-04-03
UNINCORPORATED,ELIZABETH LAKE,0,2020-04-04
UNINCORPORATED,ELIZABETH LAKE,0,2020-04-05
UNINCORPORATED,ELIZABETH LAKE,0,2020-04-06
UNINCORPORATED,ELIZABETH LAKE,0,2020-04-07
UNINCORPORATED,ELIZABETH LAKE,0,2020-04-08
UNINCORPORATED,ELIZABETH LAKE,0,2020-04-09
UNINCORPORATED,ELIZABETH LAKE,0,2020-04-10
UNINCORPORATED,ELIZABETH LAKE,0,2020-04-11
UNINCORPORATED,ELIZABETH LAKE,0,2020-04-12
LOS ANGELES,ELYSIAN PARK,NA,2020-03-27
LOS ANGELES,ELYSIAN PARK,NA,2020-03-28
LOS ANGELES,ELYSIAN PARK,NA,2020-03-29
LOS ANGELES,ELYSIAN PARK,NA,2020-03-30
LOS ANGELES,ELYSIAN PARK,NA,2020-03-31
LOS ANGELES,ELYSIAN PARK,NA,2020-04-01
LOS ANGELES,ELYSIAN PARK,NA,2020-04-02
LOS ANGELES,ELYSIAN PARK,5,2020-04-03
LOS ANGELES,ELYSIAN PARK,5,2020-04-04
LOS ANGELES,ELYSIAN PARK,5,2020-04-05
LOS ANGELES,ELYSIAN PARK,5,2020-04-06
LOS ANGELES,ELYSIAN PARK,5,2020-04-07
LOS ANGELES,ELYSIAN PARK,5,2020-04-08
LOS ANGELES,ELYSIAN PARK,5,2020-04-09
LOS ANGELES,ELYSIAN PARK,5,2020-04-10
LOS ANGELES,ELYSIAN PARK,5,2020-04-11
LOS ANGELES,ELYSIAN PARK,5,2020-04-12
LOS ANGELES,ELYSIAN VALLEY,NA,2020-03-27
LOS ANGELES,ELYSIAN VALLEY,NA,2020-03-28
LOS ANGELES,ELYSIAN VALLEY,NA,2020-03-29
LOS ANGELES,ELYSIAN VALLEY,NA,2020-03-30
LOS ANGELES,ELYSIAN VALLEY,NA,2020-03-31
LOS ANGELES,ELYSIAN VALLEY,NA,2020-04-01
LOS ANGELES,ELYSIAN VALLEY,NA,2020-04-02
LOS ANGELES,ELYSIAN VALLEY,NA,2020-04-03
LOS ANGELES,ELYSIAN VALLEY,NA,2020-04-04
LOS ANGELES,ELYSIAN VALLEY,NA,2020-04-05
LOS ANGELES,ELYSIAN VALLEY,NA,2020-04-06
LOS ANGELES,ELYSIAN VALLEY,NA,2020-04-07
LOS ANGELES,ELYSIAN VALLEY,6,2020-04-08
LOS ANGELES,ELYSIAN VALLEY,8,2020-04-09
LOS ANGELES,ELYSIAN VALLEY,8,2020-04-10
LOS ANGELES,ELYSIAN VALLEY,8,2020-04-11
LOS ANGELES,ELYSIAN VALLEY,8,2020-04-12
NA,ENCINO,3,2020-03-16
NA,ENCINO,5,2020-03-17
LOS ANGELES,ENCINO,6,2020-03-18
NA,ENCINO,6,2020-03-19
NA,ENCINO,8,2020-03-20
NA,ENCINO,10,2020-03-21
NA,ENCINO,10,2020-03-22
NA,ENCINO,10,2020-03-23
NA,ENCINO,12,2020-03-24
NA,ENCINO,13,2020-03-25
NA,ENCINO,21,2020-03-26
LOS ANGELES,ENCINO,23,2020-03-27
LOS ANGELES,ENCINO,26,2020-03-28
LOS ANGELES,ENCINO,27,2020-03-29
LOS ANGELES,ENCINO,29,2020-03-30
LOS ANGELES,ENCINO,30,2020-03-31
LOS ANGELES,ENCINO,32,2020-04-01
LOS ANGELES,ENCINO,33,2020-04-02
LOS ANGELES,ENCINO,35,2020-04-03
LOS ANGELES,ENCINO,39,2020-04-04
LOS ANGELES,ENCINO,39,2020-04-05
LOS ANGELES,ENCINO,41,2020-04-06
LOS ANGELES,ENCINO,41,2020-04-07
LOS ANGELES,ENCINO,44,2020-04-08
LOS ANGELES,ENCINO,45,2020-04-09
LOS ANGELES,ENCINO,49,2020-04-10
LOS ANGELES,ENCINO,49,2020-04-11
LOS ANGELES,ENCINO,51,2020-04-12
LOS ANGELES,EXPOSITION,0,2020-03-27
LOS ANGELES,EXPOSITION,0,2020-03-28
LOS ANGELES,EXPOSITION,0,2020-03-29
LOS ANGELES,EXPOSITION,0,2020-03-30
LOS ANGELES,EXPOSITION,0,2020-03-31
LOS ANGELES,EXPOSITION,0,2020-04-01
LOS ANGELES,EXPOSITION,0,2020-04-02
LOS ANGELES,EXPOSITION,0,2020-04-03
LOS ANGELES,EXPOSITION,0,2020-04-04
LOS ANGELES,EXPOSITION,0,2020-04-05
LOS ANGELES,EXPOSITION,0,2020-04-06
LOS ANGELES,EXPOSITION,0,2020-04-07
LOS ANGELES,EXPOSITION,0,2020-04-08
LOS ANGELES,EXPOSITION,0,2020-04-09
LOS ANGELES,EXPOSITION,0,2020-04-10
LOS ANGELES,EXPOSITION,0,2020-04-11
LOS ANGELES,EXPOSITION,0,2020-04-12
NA,EXPOSITION PARK,1,2020-03-23
NA,EXPOSITION PARK,1,2020-03-24
NA,EXPOSITION PARK,1,2020-03-25
NA,EXPOSITION PARK,2,2020-03-26
LOS ANGELES,EXPOSITION PARK,2,2020-03-27
LOS ANGELES,EXPOSITION PARK,4,2020-03-28
LOS ANGELES,EXPOSITION PARK,4,2020-03-29
LOS ANGELES,EXPOSITION PARK,4,2020-03-30
LOS ANGELES,EXPOSITION PARK,7,2020-03-31
LOS ANGELES,EXPOSITION PARK,8,2020-04-01
LOS ANGELES,EXPOSITION PARK,13,2020-04-02
LOS ANGELES,EXPOSITION PARK,17,2020-04-03
LOS ANGELES,EXPOSITION PARK,22,2020-04-04
LOS ANGELES,EXPOSITION PARK,28,2020-04-05
LOS ANGELES,EXPOSITION PARK,32,2020-04-06
LOS ANGELES,EXPOSITION PARK,35,2020-04-07
LOS ANGELES,EXPOSITION PARK,36,2020-04-08
LOS ANGELES,EXPOSITION PARK,40,2020-04-09
LOS ANGELES,EXPOSITION PARK,43,2020-04-10
LOS ANGELES,EXPOSITION PARK,46,2020-04-11
LOS ANGELES,EXPOSITION PARK,47,2020-04-12
LOS ANGELES,FAIRCREST HEIGHTS,0,2020-03-27
LOS ANGELES,FAIRCREST HEIGHTS,0,2020-03-28
LOS ANGELES,FAIRCREST HEIGHTS,0,2020-03-29
LOS ANGELES,FAIRCREST HEIGHTS,0,2020-03-30
LOS ANGELES,FAIRCREST HEIGHTS,0,2020-03-31
LOS ANGELES,FAIRCREST HEIGHTS,NA,2020-04-01
LOS ANGELES,FAIRCREST HEIGHTS,NA,2020-04-02
LOS ANGELES,FAIRCREST HEIGHTS,NA,2020-04-03
LOS ANGELES,FAIRCREST HEIGHTS,NA,2020-04-04
LOS ANGELES,FAIRCREST HEIGHTS,NA,2020-04-05
LOS ANGELES,FAIRCREST HEIGHTS,NA,2020-04-06
LOS ANGELES,FAIRCREST HEIGHTS,NA,2020-04-07
LOS ANGELES,FAIRCREST HEIGHTS,NA,2020-04-08
LOS ANGELES,FAIRCREST HEIGHTS,NA,2020-04-09
LOS ANGELES,FAIRCREST HEIGHTS,NA,2020-04-10
LOS ANGELES,FAIRCREST HEIGHTS,NA,2020-04-11
LOS ANGELES,FAIRCREST HEIGHTS,NA,2020-04-12
LOS ANGELES,FIGUEROA PARK SQUARE,0,2020-03-27
LOS ANGELES,FIGUEROA PARK SQUARE,0,2020-03-28
LOS ANGELES,FIGUEROA PARK SQUARE,0,2020-03-29
LOS ANGELES,FIGUEROA PARK SQUARE,0,2020-03-30
LOS ANGELES,FIGUEROA PARK SQUARE,0,2020-03-31
LOS ANGELES,FIGUEROA PARK SQUARE,0,2020-04-01
LOS ANGELES,FIGUEROA PARK SQUARE,0,2020-04-02
LOS ANGELES,FIGUEROA PARK SQUARE,0,2020-04-03
LOS ANGELES,FIGUEROA PARK SQUARE,NA,2020-04-04
LOS ANGELES,FIGUEROA PARK SQUARE,NA,2020-04-05
LOS ANGELES,FIGUEROA PARK SQUARE,5,2020-04-06
LOS ANGELES,FIGUEROA PARK SQUARE,6,2020-04-07
LOS ANGELES,FIGUEROA PARK SQUARE,6,2020-04-08
LOS ANGELES,FIGUEROA PARK SQUARE,7,2020-04-09
LOS ANGELES,FIGUEROA PARK SQUARE,7,2020-04-10
LOS ANGELES,FIGUEROA PARK SQUARE,7,2020-04-11
LOS ANGELES,FIGUEROA PARK SQUARE,7,2020-04-12
NA,FLORENCE,1,2020-03-23
NA,FLORENCE,1,2020-03-24
NA,FLORENCE,4,2020-03-25
NA,FLORENCE,7,2020-03-26
LOS ANGELES,FLORENCE-FIRESTONE,3,2020-03-27
UNINCORPORATED,FLORENCE-FIRESTONE,0,2020-03-27
LOS ANGELES,FLORENCE-FIRESTONE,6,2020-03-28
UNINCORPORATED,FLORENCE-FIRESTONE,0,2020-03-28
LOS ANGELES,FLORENCE-FIRESTONE,6,2020-03-29
UNINCORPORATED,FLORENCE-FIRESTONE,0,2020-03-29
LOS ANGELES,FLORENCE-FIRESTONE,7,2020-03-30
UNINCORPORATED,FLORENCE-FIRESTONE,0,2020-03-30
LOS ANGELES,FLORENCE-FIRESTONE,12,2020-03-31
UNINCORPORATED,FLORENCE-FIRESTONE,0,2020-03-31
LOS ANGELES,FLORENCE-FIRESTONE,14,2020-04-01
UNINCORPORATED,FLORENCE-FIRESTONE,19,2020-04-01
LOS ANGELES,FLORENCE-FIRESTONE,18,2020-04-02
UNINCORPORATED,FLORENCE-FIRESTONE,23,2020-04-02
LOS ANGELES,FLORENCE-FIRESTONE,20,2020-04-03
UNINCORPORATED,FLORENCE-FIRESTONE,26,2020-04-03
LOS ANGELES,FLORENCE-FIRESTONE,22,2020-04-04
UNINCORPORATED,FLORENCE-FIRESTONE,29,2020-04-04
LOS ANGELES,FLORENCE-FIRESTONE,28,2020-04-05
UNINCORPORATED,FLORENCE-FIRESTONE,35,2020-04-05
LOS ANGELES,FLORENCE-FIRESTONE,29,2020-04-06
UNINCORPORATED,FLORENCE-FIRESTONE,36,2020-04-06
LOS ANGELES,FLORENCE-FIRESTONE,33,2020-04-07
UNINCORPORATED,FLORENCE-FIRESTONE,39,2020-04-07
LOS ANGELES,FLORENCE-FIRESTONE,36,2020-04-08
UNINCORPORATED,FLORENCE-FIRESTONE,42,2020-04-08
LOS ANGELES,FLORENCE-FIRESTONE,39,2020-04-09
UNINCORPORATED,FLORENCE-FIRESTONE,49,2020-04-09
LOS ANGELES,FLORENCE-FIRESTONE,42,2020-04-10
UNINCORPORATED,FLORENCE-FIRESTONE,57,2020-04-10
LOS ANGELES,FLORENCE-FIRESTONE,45,2020-04-11
UNINCORPORATED,FLORENCE-FIRESTONE,57,2020-04-11
LOS ANGELES,FLORENCE-FIRESTONE,45,2020-04-12
UNINCORPORATED,FLORENCE-FIRESTONE,58,2020-04-12
UNINCORPORATED,FRANKLIN CANYON,0,2020-03-28
UNINCORPORATED,FRANKLIN CANYON,0,2020-03-29
UNINCORPORATED,FRANKLIN CANYON,0,2020-03-30
UNINCORPORATED,FRANKLIN CANYON,0,2020-03-31
UNINCORPORATED,FRANKLIN CANYON,0,2020-04-01
UNINCORPORATED,FRANKLIN CANYON,0,2020-04-02
UNINCORPORATED,FRANKLIN CANYON,0,2020-04-03
UNINCORPORATED,FRANKLIN CANYON,0,2020-04-04
UNINCORPORATED,FRANKLIN CANYON,0,2020-04-05
UNINCORPORATED,FRANKLIN CANYON,0,2020-04-06
UNINCORPORATED,FRANKLIN CANYON,0,2020-04-07
UNINCORPORATED,FRANKLIN CANYON,0,2020-04-08
UNINCORPORATED,FRANKLIN CANYON,0,2020-04-09
UNINCORPORATED,FRANKLIN CANYON,0,2020-04-10
UNINCORPORATED,FRANKLIN CANYON,0,2020-04-11
UNINCORPORATED,FRANKLIN CANYON,0,2020-04-12
NA,GARDENA,1,2020-03-16
NA,GARDENA,1,2020-03-17
NA,GARDENA,1,2020-03-18
NA,GARDENA,1,2020-03-19
NA,GARDENA,1,2020-03-20
NA,GARDENA,1,2020-03-21
NA,GARDENA,1,2020-03-22
NA,GARDENA,1,2020-03-23
NA,GARDENA,1,2020-03-24
NA,GARDENA,1,2020-03-25
NA,GARDENA,4,2020-03-26
NA,GARDENA,5,2020-03-27
NA,GARDENA,6,2020-03-28
NA,GARDENA,6,2020-03-29
NA,GARDENA,7,2020-03-30
NA,GARDENA,12,2020-03-31
NA,GARDENA,14,2020-04-01
NA,GARDENA,17,2020-04-02
NA,GARDENA,20,2020-04-03
NA,GARDENA,23,2020-04-04
NA,GARDENA,30,2020-04-05
NA,GARDENA,30,2020-04-06
NA,GARDENA,37,2020-04-07
NA,GARDENA,42,2020-04-08
NA,GARDENA,47,2020-04-09
NA,GARDENA,53,2020-04-10
NA,GARDENA,63,2020-04-11
NA,GARDENA,74,2020-04-12
NA,GLASSELL PARK,1,2020-03-25
NA,GLASSELL PARK,2,2020-03-26
LOS ANGELES,GLASSELL PARK,4,2020-03-27
LOS ANGELES,GLASSELL PARK,7,2020-03-28
LOS ANGELES,GLASSELL PARK,7,2020-03-29
LOS ANGELES,GLASSELL PARK,8,2020-03-30
LOS ANGELES,GLASSELL PARK,11,2020-03-31
LOS ANGELES,GLASSELL PARK,16,2020-04-01
LOS ANGELES,GLASSELL PARK,18,2020-04-02
LOS ANGELES,GLASSELL PARK,22,2020-04-03
LOS ANGELES,GLASSELL PARK,28,2020-04-04
LOS ANGELES,GLASSELL PARK,30,2020-04-05
LOS ANGELES,GLASSELL PARK,33,2020-04-06
LOS ANGELES,GLASSELL PARK,39,2020-04-07
LOS ANGELES,GLASSELL PARK,44,2020-04-08
LOS ANGELES,GLASSELL PARK,49,2020-04-09
LOS ANGELES,GLASSELL PARK,52,2020-04-10
LOS ANGELES,GLASSELL PARK,54,2020-04-11
LOS ANGELES,GLASSELL PARK,56,2020-04-12
NA,GLENDALE,2,2020-03-16
NA,GLENDALE,3,2020-03-17
NA,GLENDALE,4,2020-03-18
NA,GLENDALE,4,2020-03-19
NA,GLENDALE,4,2020-03-20
NA,GLENDALE,5,2020-03-21
NA,GLENDALE,6,2020-03-22
NA,GLENDALE,9,2020-03-23
NA,GLENDALE,10,2020-03-24
NA,GLENDALE,12,2020-03-25
NA,GLENDALE,23,2020-03-26
NA,GLENDALE,29,2020-03-27
NA,GLENDALE,36,2020-03-28
NA,GLENDALE,46,2020-03-29
NA,GLENDALE,62,2020-03-30
NA,GLENDALE,76,2020-03-31
NA,GLENDALE,86,2020-04-01
NA,GLENDALE,93,2020-04-02
NA,GLENDALE,103,2020-04-03
NA,GLENDALE,118,2020-04-04
NA,GLENDALE,129,2020-04-05
NA,GLENDALE,142,2020-04-06
NA,GLENDALE,154,2020-04-07
NA,GLENDALE,166,2020-04-08
NA,GLENDALE,194,2020-04-09
NA,GLENDALE,218,2020-04-10
NA,GLENDALE,233,2020-04-11
NA,GLENDALE,248,2020-04-12
NA,GLENDORA,1,2020-03-16
NA,GLENDORA,1,2020-03-22
NA,GLENDORA,1,2020-03-23
NA,GLENDORA,1,2020-03-24
NA,GLENDORA,2,2020-03-25
NA,GLENDORA,2,2020-03-26
NA,GLENDORA,4,2020-03-27
UNINCORPORATED,GLENDORA,0,2020-03-27
NA,GLENDORA,4,2020-03-28
UNINCORPORATED,GLENDORA,0,2020-03-28
NA,GLENDORA,6,2020-03-29
UNINCORPORATED,GLENDORA,0,2020-03-29
NA,GLENDORA,6,2020-03-30
UNINCORPORATED,GLENDORA,0,2020-03-30
NA,GLENDORA,7,2020-03-31
UNINCORPORATED,GLENDORA,0,2020-03-31
NA,GLENDORA,7,2020-04-01
UNINCORPORATED,GLENDORA,0,2020-04-01
NA,GLENDORA,7,2020-04-02
UNINCORPORATED,GLENDORA,0,2020-04-02
NA,GLENDORA,10,2020-04-03
UNINCORPORATED,GLENDORA,0,2020-04-03
NA,GLENDORA,11,2020-04-04
UNINCORPORATED,GLENDORA,0,2020-04-04
NA,GLENDORA,14,2020-04-05
UNINCORPORATED,GLENDORA,0,2020-04-05
NA,GLENDORA,16,2020-04-06
UNINCORPORATED,GLENDORA,0,2020-04-06
NA,GLENDORA,17,2020-04-07
UNINCORPORATED,GLENDORA,0,2020-04-07
NA,GLENDORA,17,2020-04-08
UNINCORPORATED,GLENDORA,0,2020-04-08
NA,GLENDORA,18,2020-04-09
UNINCORPORATED,GLENDORA,0,2020-04-09
NA,GLENDORA,18,2020-04-10
UNINCORPORATED,GLENDORA,0,2020-04-10
NA,GLENDORA,21,2020-04-11
UNINCORPORATED,GLENDORA,0,2020-04-11
NA,GLENDORA,21,2020-04-12
UNINCORPORATED,GLENDORA,0,2020-04-12
LOS ANGELES,GRAMERCY PLACE,NA,2020-03-27
LOS ANGELES,GRAMERCY PLACE,NA,2020-03-28
LOS ANGELES,GRAMERCY PLACE,NA,2020-03-29
LOS ANGELES,GRAMERCY PLACE,NA,2020-03-30
LOS ANGELES,GRAMERCY PLACE,NA,2020-03-31
LOS ANGELES,GRAMERCY PLACE,NA,2020-04-01
LOS ANGELES,GRAMERCY PLACE,5,2020-04-02
LOS ANGELES,GRAMERCY PLACE,6,2020-04-03
LOS ANGELES,GRAMERCY PLACE,7,2020-04-04
LOS ANGELES,GRAMERCY PLACE,7,2020-04-05
LOS ANGELES,GRAMERCY PLACE,7,2020-04-06
LOS ANGELES,GRAMERCY PLACE,7,2020-04-07
LOS ANGELES,GRAMERCY PLACE,7,2020-04-08
LOS ANGELES,GRAMERCY PLACE,8,2020-04-09
LOS ANGELES,GRAMERCY PLACE,8,2020-04-10
LOS ANGELES,GRAMERCY PLACE,10,2020-04-11
LOS ANGELES,GRAMERCY PLACE,10,2020-04-12
NA,GRANADA HILLS,3,2020-03-16
NA,GRANADA HILLS,3,2020-03-17
LOS ANGELES,GRANADA HILLS,3,2020-03-18
NA,GRANADA HILLS,4,2020-03-19
NA,GRANADA HILLS,4,2020-03-20
NA,GRANADA HILLS,4,2020-03-21
NA,GRANADA HILLS,4,2020-03-22
NA,GRANADA HILLS,5,2020-03-23
NA,GRANADA HILLS,5,2020-03-24
NA,GRANADA HILLS,7,2020-03-25
NA,GRANADA HILLS,8,2020-03-26
LOS ANGELES,GRANADA HILLS,8,2020-03-27
LOS ANGELES,GRANADA HILLS,8,2020-03-28
LOS ANGELES,GRANADA HILLS,8,2020-03-29
LOS ANGELES,GRANADA HILLS,9,2020-03-30
LOS ANGELES,GRANADA HILLS,10,2020-03-31
LOS ANGELES,GRANADA HILLS,14,2020-04-01
LOS ANGELES,GRANADA HILLS,19,2020-04-02
LOS ANGELES,GRANADA HILLS,21,2020-04-03
LOS ANGELES,GRANADA HILLS,22,2020-04-04
LOS ANGELES,GRANADA HILLS,27,2020-04-05
LOS ANGELES,GRANADA HILLS,29,2020-04-06
LOS ANGELES,GRANADA HILLS,36,2020-04-07
LOS ANGELES,GRANADA HILLS,40,2020-04-08
LOS ANGELES,GRANADA HILLS,41,2020-04-09
LOS ANGELES,GRANADA HILLS,42,2020-04-10
LOS ANGELES,GRANADA HILLS,44,2020-04-11
LOS ANGELES,GRANADA HILLS,46,2020-04-12
LOS ANGELES,GREEN MEADOWS,NA,2020-03-27
LOS ANGELES,GREEN MEADOWS,NA,2020-03-28
LOS ANGELES,GREEN MEADOWS,NA,2020-03-29
LOS ANGELES,GREEN MEADOWS,NA,2020-03-30
LOS ANGELES,GREEN MEADOWS,7,2020-03-31
LOS ANGELES,GREEN MEADOWS,8,2020-04-01
LOS ANGELES,GREEN MEADOWS,8,2020-04-02
LOS ANGELES,GREEN MEADOWS,9,2020-04-03
LOS ANGELES,GREEN MEADOWS,10,2020-04-04
LOS ANGELES,GREEN MEADOWS,10,2020-04-05
LOS ANGELES,GREEN MEADOWS,10,2020-04-06
LOS ANGELES,GREEN MEADOWS,12,2020-04-07
LOS ANGELES,GREEN MEADOWS,11,2020-04-08
LOS ANGELES,GREEN MEADOWS,12,2020-04-09
LOS ANGELES,GREEN MEADOWS,14,2020-04-10
LOS ANGELES,GREEN MEADOWS,14,2020-04-11
LOS ANGELES,GREEN MEADOWS,14,2020-04-12
NA,HACIENDA HEIGHTS,2,2020-03-26
UNINCORPORATED,HACIENDA HEIGHTS,2,2020-03-27
UNINCORPORATED,HACIENDA HEIGHTS,2,2020-03-28
UNINCORPORATED,HACIENDA HEIGHTS,2,2020-03-29
UNINCORPORATED,HACIENDA HEIGHTS,2,2020-03-30
UNINCORPORATED,HACIENDA HEIGHTS,5,2020-03-31
UNINCORPORATED,HACIENDA HEIGHTS,8,2020-04-01
UNINCORPORATED,HACIENDA HEIGHTS,12,2020-04-02
UNINCORPORATED,HACIENDA HEIGHTS,12,2020-04-03
UNINCORPORATED,HACIENDA HEIGHTS,13,2020-04-04
UNINCORPORATED,HACIENDA HEIGHTS,17,2020-04-05
UNINCORPORATED,HACIENDA HEIGHTS,19,2020-04-06
UNINCORPORATED,HACIENDA HEIGHTS,22,2020-04-07
UNINCORPORATED,HACIENDA HEIGHTS,23,2020-04-08
UNINCORPORATED,HACIENDA HEIGHTS,25,2020-04-09
UNINCORPORATED,HACIENDA HEIGHTS,27,2020-04-10
UNINCORPORATED,HACIENDA HEIGHTS,28,2020-04-11
UNINCORPORATED,HACIENDA HEIGHTS,30,2020-04-12
NA,HANCOCK PARK,2,2020-03-19
NA,HANCOCK PARK,2,2020-03-20
NA,HANCOCK PARK,4,2020-03-21
NA,HANCOCK PARK,5,2020-03-22
NA,HANCOCK PARK,6,2020-03-23
NA,HANCOCK PARK,7,2020-03-24
NA,HANCOCK PARK,8,2020-03-25
NA,HANCOCK PARK,10,2020-03-26
LOS ANGELES,HANCOCK PARK,14,2020-03-27
LOS ANGELES,HANCOCK PARK,17,2020-03-28
LOS ANGELES,HANCOCK PARK,18,2020-03-29
LOS ANGELES,HANCOCK PARK,26,2020-03-30
LOS ANGELES,HANCOCK PARK,30,2020-03-31
LOS ANGELES,HANCOCK PARK,33,2020-04-01
LOS ANGELES,HANCOCK PARK,34,2020-04-02
LOS ANGELES,HANCOCK PARK,33,2020-04-03
LOS ANGELES,HANCOCK PARK,37,2020-04-04
LOS ANGELES,HANCOCK PARK,38,2020-04-05
LOS ANGELES,HANCOCK PARK,39,2020-04-06
LOS ANGELES,HANCOCK PARK,45,2020-04-07
LOS ANGELES,HANCOCK PARK,45,2020-04-08
LOS ANGELES,HANCOCK PARK,45,2020-04-09
LOS ANGELES,HANCOCK PARK,45,2020-04-10
LOS ANGELES,HANCOCK PARK,46,2020-04-11
LOS ANGELES,HANCOCK PARK,46,2020-04-12
NA,HARBOR CITY,1,2020-03-26
LOS ANGELES,HARBOR CITY,1,2020-03-27
LOS ANGELES,HARBOR CITY,1,2020-03-28
LOS ANGELES,HARBOR CITY,2,2020-03-29
LOS ANGELES,HARBOR CITY,4,2020-03-30
LOS ANGELES,HARBOR CITY,5,2020-03-31
LOS ANGELES,HARBOR CITY,7,2020-04-01
LOS ANGELES,HARBOR CITY,8,2020-04-02
LOS ANGELES,HARBOR CITY,15,2020-04-03
LOS ANGELES,HARBOR CITY,18,2020-04-04
LOS ANGELES,HARBOR CITY,19,2020-04-05
LOS ANGELES,HARBOR CITY,20,2020-04-06
LOS ANGELES,HARBOR CITY,21,2020-04-07
LOS ANGELES,HARBOR CITY,21,2020-04-08
LOS ANGELES,HARBOR CITY,22,2020-04-09
LOS ANGELES,HARBOR CITY,23,2020-04-10
LOS ANGELES,HARBOR CITY,23,2020-04-11
LOS ANGELES,HARBOR CITY,24,2020-04-12
NA,HARBOR GATEWAY,1,2020-03-24
NA,HARBOR GATEWAY,2,2020-03-25
NA,HARBOR GATEWAY,3,2020-03-26
LOS ANGELES,HARBOR GATEWAY,4,2020-03-27
LOS ANGELES,HARBOR GATEWAY,4,2020-03-28
UNINCORPORATED,HARBOR GATEWAY,0,2020-03-28
LOS ANGELES,HARBOR GATEWAY,4,2020-03-29
UNINCORPORATED,HARBOR GATEWAY,0,2020-03-29
LOS ANGELES,HARBOR GATEWAY,6,2020-03-30
UNINCORPORATED,HARBOR GATEWAY,0,2020-03-30
LOS ANGELES,HARBOR GATEWAY,9,2020-03-31
UNINCORPORATED,HARBOR GATEWAY,0,2020-03-31
LOS ANGELES,HARBOR GATEWAY,9,2020-04-01
UNINCORPORATED,HARBOR GATEWAY,0,2020-04-01
LOS ANGELES,HARBOR GATEWAY,11,2020-04-02
UNINCORPORATED,HARBOR GATEWAY,0,2020-04-02
LOS ANGELES,HARBOR GATEWAY,13,2020-04-03
UNINCORPORATED,HARBOR GATEWAY,0,2020-04-03
LOS ANGELES,HARBOR GATEWAY,15,2020-04-04
UNINCORPORATED,HARBOR GATEWAY,0,2020-04-04
LOS ANGELES,HARBOR GATEWAY,18,2020-04-05
UNINCORPORATED,HARBOR GATEWAY,0,2020-04-05
LOS ANGELES,HARBOR GATEWAY,21,2020-04-06
UNINCORPORATED,HARBOR GATEWAY,0,2020-04-06
LOS ANGELES,HARBOR GATEWAY,23,2020-04-07
UNINCORPORATED,HARBOR GATEWAY,0,2020-04-07
LOS ANGELES,HARBOR GATEWAY,26,2020-04-08
UNINCORPORATED,HARBOR GATEWAY,0,2020-04-08
LOS ANGELES,HARBOR GATEWAY,29,2020-04-09
UNINCORPORATED,HARBOR GATEWAY,0,2020-04-09
LOS ANGELES,HARBOR GATEWAY,30,2020-04-10
UNINCORPORATED,HARBOR GATEWAY,0,2020-04-10
LOS ANGELES,HARBOR GATEWAY,31,2020-04-11
UNINCORPORATED,HARBOR GATEWAY,0,2020-04-11
LOS ANGELES,HARBOR GATEWAY,32,2020-04-12
UNINCORPORATED,HARBOR GATEWAY,0,2020-04-12
LOS ANGELES,HARBOR PINES,0,2020-03-27
LOS ANGELES,HARBOR PINES,0,2020-03-28
LOS ANGELES,HARBOR PINES,0,2020-03-29
LOS ANGELES,HARBOR PINES,0,2020-03-30
LOS ANGELES,HARBOR PINES,0,2020-03-31
LOS ANGELES,HARBOR PINES,0,2020-04-01
LOS ANGELES,HARBOR PINES,0,2020-04-02
LOS ANGELES,HARBOR PINES,0,2020-04-03
LOS ANGELES,HARBOR PINES,0,2020-04-04
LOS ANGELES,HARBOR PINES,0,2020-04-05
LOS ANGELES,HARBOR PINES,0,2020-04-06
LOS ANGELES,HARBOR PINES,0,2020-04-07
LOS ANGELES,HARBOR PINES,0,2020-04-08
LOS ANGELES,HARBOR PINES,0,2020-04-09
LOS ANGELES,HARBOR PINES,0,2020-04-10
LOS ANGELES,HARBOR PINES,0,2020-04-11
LOS ANGELES,HARBOR PINES,0,2020-04-12
NA,HARVARD HEIGHTS,1,2020-03-24
NA,HARVARD HEIGHTS,1,2020-03-25
NA,HARVARD HEIGHTS,2,2020-03-26
LOS ANGELES,HARVARD HEIGHTS,NA,2020-03-27
LOS ANGELES,HARVARD HEIGHTS,NA,2020-03-28
LOS ANGELES,HARVARD HEIGHTS,NA,2020-03-29
LOS ANGELES,HARVARD HEIGHTS,NA,2020-03-30
LOS ANGELES,HARVARD HEIGHTS,NA,2020-03-31
LOS ANGELES,HARVARD HEIGHTS,5,2020-04-01
LOS ANGELES,HARVARD HEIGHTS,6,2020-04-02
LOS ANGELES,HARVARD HEIGHTS,8,2020-04-03
LOS ANGELES,HARVARD HEIGHTS,9,2020-04-04
LOS ANGELES,HARVARD HEIGHTS,9,2020-04-05
LOS ANGELES,HARVARD HEIGHTS,9,2020-04-06
LOS ANGELES,HARVARD HEIGHTS,10,2020-04-07
LOS ANGELES,HARVARD HEIGHTS,12,2020-04-08
LOS ANGELES,HARVARD HEIGHTS,15,2020-04-09
LOS ANGELES,HARVARD HEIGHTS,16,2020-04-10
LOS ANGELES,HARVARD HEIGHTS,18,2020-04-11
LOS ANGELES,HARVARD HEIGHTS,21,2020-04-12
LOS ANGELES,HARVARD PARK,1,2020-03-27
LOS ANGELES,HARVARD PARK,2,2020-03-28
LOS ANGELES,HARVARD PARK,2,2020-03-29
LOS ANGELES,HARVARD PARK,3,2020-03-30
LOS ANGELES,HARVARD PARK,4,2020-03-31
LOS ANGELES,HARVARD PARK,4,2020-04-01
LOS ANGELES,HARVARD PARK,5,2020-04-02
LOS ANGELES,HARVARD PARK,8,2020-04-03
LOS ANGELES,HARVARD PARK,12,2020-04-04
LOS ANGELES,HARVARD PARK,16,2020-04-05
LOS ANGELES,HARVARD PARK,19,2020-04-06
LOS ANGELES,HARVARD PARK,18,2020-04-07
LOS ANGELES,HARVARD PARK,22,2020-04-08
LOS ANGELES,HARVARD PARK,22,2020-04-09
LOS ANGELES,HARVARD PARK,24,2020-04-10
LOS ANGELES,HARVARD PARK,25,2020-04-11
LOS ANGELES,HARVARD PARK,25,2020-04-12
NA,HAWAIIAN GARDENS,NA,2020-03-27
NA,HAWAIIAN GARDENS,NA,2020-03-28
NA,HAWAIIAN GARDENS,NA,2020-03-29
NA,HAWAIIAN GARDENS,NA,2020-03-30
NA,HAWAIIAN GARDENS,NA,2020-03-31
NA,HAWAIIAN GARDENS,NA,2020-04-01
NA,HAWAIIAN GARDENS,NA,2020-04-02
NA,HAWAIIAN GARDENS,NA,2020-04-03
NA,HAWAIIAN GARDENS,NA,2020-04-04
NA,HAWAIIAN GARDENS,NA,2020-04-05
NA,HAWAIIAN GARDENS,NA,2020-04-06
NA,HAWAIIAN GARDENS,NA,2020-04-07
NA,HAWAIIAN GARDENS,NA,2020-04-08
NA,HAWAIIAN GARDENS,NA,2020-04-09
NA,HAWAIIAN GARDENS,NA,2020-04-10
NA,HAWAIIAN GARDENS,NA,2020-04-11
NA,HAWAIIAN GARDENS,NA,2020-04-12
NA,HAWTHORNE,1,2020-03-19
NA,HAWTHORNE,2,2020-03-20
NA,HAWTHORNE,2,2020-03-21
NA,HAWTHORNE,2,2020-03-22
NA,HAWTHORNE,3,2020-03-23
NA,HAWTHORNE,6,2020-03-24
NA,HAWTHORNE,8,2020-03-25
NA,HAWTHORNE,9,2020-03-26
NA,HAWTHORNE,7,2020-03-27
UNINCORPORATED,HAWTHORNE,NA,2020-03-27
NA,HAWTHORNE,11,2020-03-28
UNINCORPORATED,HAWTHORNE,NA,2020-03-28
NA,HAWTHORNE,11,2020-03-29
UNINCORPORATED,HAWTHORNE,NA,2020-03-29
NA,HAWTHORNE,13,2020-03-30
UNINCORPORATED,HAWTHORNE,NA,2020-03-30
NA,HAWTHORNE,19,2020-03-31
UNINCORPORATED,HAWTHORNE,NA,2020-03-31
NA,HAWTHORNE,22,2020-04-01
UNINCORPORATED,HAWTHORNE,NA,2020-04-01
NA,HAWTHORNE,26,2020-04-02
UNINCORPORATED,HAWTHORNE,NA,2020-04-02
NA,HAWTHORNE,30,2020-04-03
UNINCORPORATED,HAWTHORNE,NA,2020-04-03
NA,HAWTHORNE,32,2020-04-04
UNINCORPORATED,HAWTHORNE,NA,2020-04-04
NA,HAWTHORNE,39,2020-04-05
UNINCORPORATED,HAWTHORNE,NA,2020-04-05
NA,HAWTHORNE,44,2020-04-06
UNINCORPORATED,HAWTHORNE,NA,2020-04-06
NA,HAWTHORNE,49,2020-04-07
UNINCORPORATED,HAWTHORNE,NA,2020-04-07
NA,HAWTHORNE,55,2020-04-08
UNINCORPORATED,HAWTHORNE,NA,2020-04-08
NA,HAWTHORNE,62,2020-04-09
UNINCORPORATED,HAWTHORNE,NA,2020-04-09
NA,HAWTHORNE,64,2020-04-10
UNINCORPORATED,HAWTHORNE,NA,2020-04-10
NA,HAWTHORNE,68,2020-04-11
UNINCORPORATED,HAWTHORNE,NA,2020-04-11
NA,HAWTHORNE,70,2020-04-12
UNINCORPORATED,HAWTHORNE,NA,2020-04-12
NA,HERMOSA BEACH,NA,2020-03-27
NA,HERMOSA BEACH,NA,2020-03-28
NA,HERMOSA BEACH,6,2020-03-29
NA,HERMOSA BEACH,7,2020-03-30
NA,HERMOSA BEACH,9,2020-03-31
NA,HERMOSA BEACH,12,2020-04-01
NA,HERMOSA BEACH,15,2020-04-02
NA,HERMOSA BEACH,17,2020-04-03
NA,HERMOSA BEACH,17,2020-04-04
NA,HERMOSA BEACH,17,2020-04-05
NA,HERMOSA BEACH,18,2020-04-06
NA,HERMOSA BEACH,18,2020-04-07
NA,HERMOSA BEACH,18,2020-04-08
NA,HERMOSA BEACH,17,2020-04-09
NA,HERMOSA BEACH,17,2020-04-10
NA,HERMOSA BEACH,17,2020-04-11
NA,HERMOSA BEACH,17,2020-04-12
UNINCORPORATED,HI VISTA,0,2020-03-27
UNINCORPORATED,HI VISTA,0,2020-03-28
UNINCORPORATED,HI VISTA,0,2020-03-29
UNINCORPORATED,HI VISTA,0,2020-03-30
UNINCORPORATED,HI VISTA,0,2020-03-31
UNINCORPORATED,HI VISTA,0,2020-04-01
UNINCORPORATED,HI VISTA,0,2020-04-02
UNINCORPORATED,HI VISTA,0,2020-04-03
UNINCORPORATED,HI VISTA,0,2020-04-04
UNINCORPORATED,HI VISTA,0,2020-04-05
UNINCORPORATED,HI VISTA,0,2020-04-06
UNINCORPORATED,HI VISTA,0,2020-04-07
UNINCORPORATED,HI VISTA,0,2020-04-08
UNINCORPORATED,HI VISTA,0,2020-04-09
UNINCORPORATED,HI VISTA,0,2020-04-10
UNINCORPORATED,HI VISTA,0,2020-04-11
UNINCORPORATED,HI VISTA,0,2020-04-12
NA,HIDDEN HILLS,0,2020-03-27
NA,HIDDEN HILLS,0,2020-03-28
NA,HIDDEN HILLS,0,2020-03-29
NA,HIDDEN HILLS,0,2020-03-30
NA,HIDDEN HILLS,0,2020-03-31
NA,HIDDEN HILLS,0,2020-04-01
NA,HIDDEN HILLS,0,2020-04-02
NA,HIDDEN HILLS,0,2020-04-03
NA,HIDDEN HILLS,0,2020-04-04
NA,HIDDEN HILLS,0,2020-04-05
NA,HIDDEN HILLS,0,2020-04-06
NA,HIDDEN HILLS,0,2020-04-07
NA,HIDDEN HILLS,0,2020-04-08
NA,HIDDEN HILLS,0,2020-04-09
NA,HIDDEN HILLS,0,2020-04-10
NA,HIDDEN HILLS,0,2020-04-11
NA,HIDDEN HILLS,0,2020-04-12
NA,HIGHLAND PARK,1,2020-03-24
NA,HIGHLAND PARK,2,2020-03-25
NA,HIGHLAND PARK,3,2020-03-26
LOS ANGELES,HIGHLAND PARK,5,2020-03-27
LOS ANGELES,HIGHLAND PARK,6,2020-03-28
LOS ANGELES,HIGHLAND PARK,8,2020-03-29
LOS ANGELES,HIGHLAND PARK,9,2020-03-30
LOS ANGELES,HIGHLAND PARK,9,2020-03-31
LOS ANGELES,HIGHLAND PARK,9,2020-04-01
LOS ANGELES,HIGHLAND PARK,10,2020-04-02
LOS ANGELES,HIGHLAND PARK,11,2020-04-03
LOS ANGELES,HIGHLAND PARK,15,2020-04-04
LOS ANGELES,HIGHLAND PARK,19,2020-04-05
LOS ANGELES,HIGHLAND PARK,21,2020-04-06
LOS ANGELES,HIGHLAND PARK,22,2020-04-07
LOS ANGELES,HIGHLAND PARK,24,2020-04-08
LOS ANGELES,HIGHLAND PARK,27,2020-04-09
LOS ANGELES,HIGHLAND PARK,27,2020-04-10
LOS ANGELES,HIGHLAND PARK,31,2020-04-11
LOS ANGELES,HIGHLAND PARK,32,2020-04-12
LOS ANGELES,HISTORIC FILIPINOTOWN,0,2020-03-27
LOS ANGELES,HISTORIC FILIPINOTOWN,0,2020-03-28
LOS ANGELES,HISTORIC FILIPINOTOWN,0,2020-03-29
LOS ANGELES,HISTORIC FILIPINOTOWN,0,2020-03-30
LOS ANGELES,HISTORIC FILIPINOTOWN,0,2020-03-31
LOS ANGELES,HISTORIC FILIPINOTOWN,5,2020-04-01
LOS ANGELES,HISTORIC FILIPINOTOWN,6,2020-04-02
LOS ANGELES,HISTORIC FILIPINOTOWN,6,2020-04-03
LOS ANGELES,HISTORIC FILIPINOTOWN,7,2020-04-04
LOS ANGELES,HISTORIC FILIPINOTOWN,8,2020-04-05
LOS ANGELES,HISTORIC FILIPINOTOWN,9,2020-04-06
LOS ANGELES,HISTORIC FILIPINOTOWN,11,2020-04-07
LOS ANGELES,HISTORIC FILIPINOTOWN,12,2020-04-08
LOS ANGELES,HISTORIC FILIPINOTOWN,18,2020-04-09
LOS ANGELES,HISTORIC FILIPINOTOWN,19,2020-04-10
LOS ANGELES,HISTORIC FILIPINOTOWN,18,2020-04-11
LOS ANGELES,HISTORIC FILIPINOTOWN,19,2020-04-12
NA,HOLLYWOOD,1,2020-03-17
LOS ANGELES,HOLLYWOOD,5,2020-03-18
NA,HOLLYWOOD,5,2020-03-19
NA,HOLLYWOOD,7,2020-03-20
NA,HOLLYWOOD,12,2020-03-21
NA,HOLLYWOOD,12,2020-03-22
NA,HOLLYWOOD,14,2020-03-23
NA,HOLLYWOOD,19,2020-03-24
NA,HOLLYWOOD,23,2020-03-25
NA,HOLLYWOOD,27,2020-03-26
LOS ANGELES,HOLLYWOOD,30,2020-03-27
LOS ANGELES,HOLLYWOOD,38,2020-03-28
LOS ANGELES,HOLLYWOOD,44,2020-03-29
LOS ANGELES,HOLLYWOOD,49,2020-03-30
LOS ANGELES,HOLLYWOOD,61,2020-03-31
LOS ANGELES,HOLLYWOOD,67,2020-04-01
LOS ANGELES,HOLLYWOOD,71,2020-04-02
LOS ANGELES,HOLLYWOOD,73,2020-04-03
LOS ANGELES,HOLLYWOOD,84,2020-04-04
LOS ANGELES,HOLLYWOOD,96,2020-04-05
LOS ANGELES,HOLLYWOOD,100,2020-04-06
LOS ANGELES,HOLLYWOOD,104,2020-04-07
LOS ANGELES,HOLLYWOOD,109,2020-04-08
LOS ANGELES,HOLLYWOOD,109,2020-04-09
LOS ANGELES,HOLLYWOOD,110,2020-04-10
LOS ANGELES,HOLLYWOOD,114,2020-04-11
LOS ANGELES,HOLLYWOOD,115,2020-04-12
NA,HOLLYWOOD HILLS,2,2020-03-17
LOS ANGELES,HOLLYWOOD HILLS,2,2020-03-18
NA,HOLLYWOOD HILLS,2,2020-03-19
NA,HOLLYWOOD HILLS,2,2020-03-20
NA,HOLLYWOOD HILLS,2,2020-03-21
NA,HOLLYWOOD HILLS,5,2020-03-22
NA,HOLLYWOOD HILLS,7,2020-03-23
NA,HOLLYWOOD HILLS,8,2020-03-24
NA,HOLLYWOOD HILLS,8,2020-03-25
NA,HOLLYWOOD HILLS,17,2020-03-26
LOS ANGELES,HOLLYWOOD HILLS,19,2020-03-27
LOS ANGELES,HOLLYWOOD HILLS,23,2020-03-28
LOS ANGELES,HOLLYWOOD HILLS,24,2020-03-29
LOS ANGELES,HOLLYWOOD HILLS,26,2020-03-30
LOS ANGELES,HOLLYWOOD HILLS,29,2020-03-31
LOS ANGELES,HOLLYWOOD HILLS,32,2020-04-01
LOS ANGELES,HOLLYWOOD HILLS,34,2020-04-02
LOS ANGELES,HOLLYWOOD HILLS,36,2020-04-03
LOS ANGELES,HOLLYWOOD HILLS,37,2020-04-04
LOS ANGELES,HOLLYWOOD HILLS,39,2020-04-05
LOS ANGELES,HOLLYWOOD HILLS,39,2020-04-06
LOS ANGELES,HOLLYWOOD HILLS,42,2020-04-07
LOS ANGELES,HOLLYWOOD HILLS,43,2020-04-08
LOS ANGELES,HOLLYWOOD HILLS,45,2020-04-09
LOS ANGELES,HOLLYWOOD HILLS,46,2020-04-10
LOS ANGELES,HOLLYWOOD HILLS,46,2020-04-11
LOS ANGELES,HOLLYWOOD HILLS,46,2020-04-12
NA,HUNTINGTON PARK,0,2020-03-27
NA,HUNTINGTON PARK,2,2020-03-28
NA,HUNTINGTON PARK,2,2020-03-29
NA,HUNTINGTON PARK,4,2020-03-30
NA,HUNTINGTON PARK,11,2020-03-31
NA,HUNTINGTON PARK,13,2020-04-01
NA,HUNTINGTON PARK,15,2020-04-02
NA,HUNTINGTON PARK,16,2020-04-03
NA,HUNTINGTON PARK,20,2020-04-04
NA,HUNTINGTON PARK,26,2020-04-05
NA,HUNTINGTON PARK,29,2020-04-06
NA,HUNTINGTON PARK,33,2020-04-07
NA,HUNTINGTON PARK,36,2020-04-08
NA,HUNTINGTON PARK,38,2020-04-09
NA,HUNTINGTON PARK,39,2020-04-10
NA,HUNTINGTON PARK,41,2020-04-11
NA,HUNTINGTON PARK,42,2020-04-12
NA,HYDE PARK,1,2020-03-23
NA,HYDE PARK,1,2020-03-24
NA,HYDE PARK,1,2020-03-25
NA,HYDE PARK,1,2020-03-26
LOS ANGELES,HYDE PARK,2,2020-03-27
LOS ANGELES,HYDE PARK,2,2020-03-28
LOS ANGELES,HYDE PARK,4,2020-03-29
LOS ANGELES,HYDE PARK,6,2020-03-30
LOS ANGELES,HYDE PARK,7,2020-03-31
LOS ANGELES,HYDE PARK,8,2020-04-01
LOS ANGELES,HYDE PARK,10,2020-04-02
LOS ANGELES,HYDE PARK,10,2020-04-03
LOS ANGELES,HYDE PARK,11,2020-04-04
LOS ANGELES,HYDE PARK,14,2020-04-05
LOS ANGELES,HYDE PARK,14,2020-04-06
LOS ANGELES,HYDE PARK,14,2020-04-07
LOS ANGELES,HYDE PARK,15,2020-04-08
LOS ANGELES,HYDE PARK,16,2020-04-09
LOS ANGELES,HYDE PARK,16,2020-04-10
LOS ANGELES,HYDE PARK,15,2020-04-11
LOS ANGELES,HYDE PARK,15,2020-04-12
NA,INDUSTRY,0,2020-03-27
NA,INDUSTRY,0,2020-03-28
NA,INDUSTRY,0,2020-03-29
NA,INDUSTRY,0,2020-03-30
NA,INDUSTRY,0,2020-03-31
NA,INDUSTRY,0,2020-04-01
NA,INDUSTRY,0,2020-04-02
NA,INDUSTRY,0,2020-04-03
NA,INDUSTRY,0,2020-04-04
NA,INDUSTRY,NA,2020-04-05
NA,INDUSTRY,NA,2020-04-06
NA,INDUSTRY,NA,2020-04-07
NA,INDUSTRY,NA,2020-04-08
NA,INDUSTRY,NA,2020-04-09
NA,INDUSTRY,NA,2020-04-10
NA,INDUSTRY,NA,2020-04-11
NA,INDUSTRY,NA,2020-04-12
NA,INGLEWOOD,2,2020-03-16
NA,INGLEWOOD,1,2020-03-17
NA,INGLEWOOD,1,2020-03-18
NA,INGLEWOOD,2,2020-03-19
NA,INGLEWOOD,2,2020-03-20
NA,INGLEWOOD,2,2020-03-21
NA,INGLEWOOD,3,2020-03-22
NA,INGLEWOOD,3,2020-03-23
NA,INGLEWOOD,5,2020-03-24
NA,INGLEWOOD,5,2020-03-25
NA,INGLEWOOD,12,2020-03-26
NA,INGLEWOOD,12,2020-03-27
NA,INGLEWOOD,14,2020-03-28
NA,INGLEWOOD,20,2020-03-29
NA,INGLEWOOD,26,2020-03-30
NA,INGLEWOOD,31,2020-03-31
NA,INGLEWOOD,37,2020-04-01
NA,INGLEWOOD,44,2020-04-02
NA,INGLEWOOD,55,2020-04-03
NA,INGLEWOOD,62,2020-04-04
NA,INGLEWOOD,69,2020-04-05
NA,INGLEWOOD,78,2020-04-06
NA,INGLEWOOD,85,2020-04-07
NA,INGLEWOOD,92,2020-04-08
NA,INGLEWOOD,99,2020-04-09
NA,INGLEWOOD,105,2020-04-10
NA,INGLEWOOD,112,2020-04-11
NA,INGLEWOOD,116,2020-04-12
NA,IRWINDALE,0,2020-03-27
NA,IRWINDALE,0,2020-03-28
NA,IRWINDALE,0,2020-03-29
NA,IRWINDALE,0,2020-03-30
NA,IRWINDALE,0,2020-03-31
NA,IRWINDALE,0,2020-04-01
NA,IRWINDALE,0,2020-04-02
NA,IRWINDALE,0,2020-04-03
NA,IRWINDALE,0,2020-04-04
NA,IRWINDALE,0,2020-04-05
NA,IRWINDALE,0,2020-04-06
NA,IRWINDALE,0,2020-04-07
NA,IRWINDALE,0,2020-04-08
NA,IRWINDALE,0,2020-04-09
NA,IRWINDALE,0,2020-04-10
NA,IRWINDALE,0,2020-04-11
NA,IRWINDALE,0,2020-04-12
LOS ANGELES,JEFFERSON PARK,0,2020-03-27
LOS ANGELES,JEFFERSON PARK,0,2020-03-28
LOS ANGELES,JEFFERSON PARK,0,2020-03-29
LOS ANGELES,JEFFERSON PARK,0,2020-03-30
LOS ANGELES,JEFFERSON PARK,0,2020-03-31
LOS ANGELES,JEFFERSON PARK,0,2020-04-01
LOS ANGELES,JEFFERSON PARK,0,2020-04-02
LOS ANGELES,JEFFERSON PARK,0,2020-04-03
LOS ANGELES,JEFFERSON PARK,0,2020-04-04
LOS ANGELES,JEFFERSON PARK,NA,2020-04-05
LOS ANGELES,JEFFERSON PARK,NA,2020-04-06
LOS ANGELES,JEFFERSON PARK,NA,2020-04-07
LOS ANGELES,JEFFERSON PARK,NA,2020-04-08
LOS ANGELES,JEFFERSON PARK,NA,2020-04-09
LOS ANGELES,JEFFERSON PARK,NA,2020-04-10
LOS ANGELES,JEFFERSON PARK,NA,2020-04-11
LOS ANGELES,JEFFERSON PARK,NA,2020-04-12
UNINCORPORATED,KAGEL/LOPEZ CANYONS,0,2020-03-27
UNINCORPORATED,KAGEL/LOPEZ CANYONS,0,2020-03-28
UNINCORPORATED,KAGEL/LOPEZ CANYONS,0,2020-03-29
UNINCORPORATED,KAGEL/LOPEZ CANYONS,0,2020-03-30
UNINCORPORATED,KAGEL/LOPEZ CANYONS,0,2020-03-31
UNINCORPORATED,KAGEL/LOPEZ CANYONS,0,2020-04-01
UNINCORPORATED,KAGEL/LOPEZ CANYONS,0,2020-04-02
UNINCORPORATED,KAGEL/LOPEZ CANYONS,0,2020-04-03
UNINCORPORATED,KAGEL/LOPEZ CANYONS,0,2020-04-04
UNINCORPORATED,KAGEL/LOPEZ CANYONS,0,2020-04-05
UNINCORPORATED,KAGEL/LOPEZ CANYONS,0,2020-04-06
UNINCORPORATED,KAGEL/LOPEZ CANYONS,0,2020-04-07
UNINCORPORATED,KAGEL/LOPEZ CANYONS,0,2020-04-08
UNINCORPORATED,KAGEL/LOPEZ CANYONS,0,2020-04-09
UNINCORPORATED,KAGEL/LOPEZ CANYONS,0,2020-04-10
UNINCORPORATED,KAGEL/LOPEZ CANYONS,0,2020-04-11
UNINCORPORATED,KAGEL/LOPEZ CANYONS,NA,2020-04-12
NA,KOREATOWN,1,2020-03-16
NA,KOREATOWN,1,2020-03-17
LOS ANGELES,KOREATOWN,1,2020-03-18
NA,KOREATOWN,1,2020-03-19
NA,KOREATOWN,1,2020-03-20
NA,KOREATOWN,1,2020-03-21
NA,KOREATOWN,2,2020-03-22
NA,KOREATOWN,3,2020-03-23
NA,KOREATOWN,5,2020-03-24
NA,KOREATOWN,5,2020-03-25
NA,KOREATOWN,7,2020-03-26
LOS ANGELES,KOREATOWN,7,2020-03-27
LOS ANGELES,KOREATOWN,10,2020-03-28
LOS ANGELES,KOREATOWN,10,2020-03-29
LOS ANGELES,KOREATOWN,13,2020-03-30
LOS ANGELES,KOREATOWN,14,2020-03-31
LOS ANGELES,KOREATOWN,18,2020-04-01
LOS ANGELES,KOREATOWN,21,2020-04-02
LOS ANGELES,KOREATOWN,26,2020-04-03
LOS ANGELES,KOREATOWN,27,2020-04-04
LOS ANGELES,KOREATOWN,32,2020-04-05
LOS ANGELES,KOREATOWN,34,2020-04-06
LOS ANGELES,KOREATOWN,38,2020-04-07
LOS ANGELES,KOREATOWN,39,2020-04-08
LOS ANGELES,KOREATOWN,43,2020-04-09
LOS ANGELES,KOREATOWN,47,2020-04-10
LOS ANGELES,KOREATOWN,50,2020-04-11
LOS ANGELES,KOREATOWN,49,2020-04-12
NA,LA CANADA FLINTRIDGE,1,2020-03-21
NA,LA CANADA FLINTRIDGE,1,2020-03-22
NA,LA CANADA FLINTRIDGE,2,2020-03-23
NA,LA CANADA FLINTRIDGE,2,2020-03-24
NA,LA CANADA FLINTRIDGE,3,2020-03-25
NA,LA CANADA FLINTRIDGE,6,2020-03-26
NA,LA CANADA FLINTRIDGE,5,2020-03-27
NA,LA CANADA FLINTRIDGE,7,2020-03-28
NA,LA CANADA FLINTRIDGE,7,2020-03-29
NA,LA CANADA FLINTRIDGE,8,2020-03-30
NA,LA CANADA FLINTRIDGE,8,2020-03-31
NA,LA CANADA FLINTRIDGE,8,2020-04-01
NA,LA CANADA FLINTRIDGE,8,2020-04-02
NA,LA CANADA FLINTRIDGE,9,2020-04-03
NA,LA CANADA FLINTRIDGE,11,2020-04-04
NA,LA CANADA FLINTRIDGE,14,2020-04-05
NA,LA CANADA FLINTRIDGE,14,2020-04-06
NA,LA CANADA FLINTRIDGE,16,2020-04-07
NA,LA CANADA FLINTRIDGE,16,2020-04-08
NA,LA CANADA FLINTRIDGE,16,2020-04-09
NA,LA CANADA FLINTRIDGE,17,2020-04-10
NA,LA CANADA FLINTRIDGE,20,2020-04-11
NA,LA CANADA FLINTRIDGE,20,2020-04-12
NA,LA COUNTY RESIDENTS CAN ALSO CALL 2-1-1,NA,2020-03-31
UNINCORPORATED,LA CRESCENTA-MONTROSE,0,2020-03-27
UNINCORPORATED,LA CRESCENTA-MONTROSE,0,2020-03-28
UNINCORPORATED,LA CRESCENTA-MONTROSE,0,2020-03-29
UNINCORPORATED,LA CRESCENTA-MONTROSE,0,2020-03-30
UNINCORPORATED,LA CRESCENTA-MONTROSE,0,2020-03-31
UNINCORPORATED,LA CRESCENTA-MONTROSE,NA,2020-04-01
UNINCORPORATED,LA CRESCENTA-MONTROSE,NA,2020-04-02
UNINCORPORATED,LA CRESCENTA-MONTROSE,NA,2020-04-03
UNINCORPORATED,LA CRESCENTA-MONTROSE,NA,2020-04-04
UNINCORPORATED,LA CRESCENTA-MONTROSE,5,2020-04-05
UNINCORPORATED,LA CRESCENTA-MONTROSE,6,2020-04-06
UNINCORPORATED,LA CRESCENTA-MONTROSE,7,2020-04-07
UNINCORPORATED,LA CRESCENTA-MONTROSE,10,2020-04-08
UNINCORPORATED,LA CRESCENTA-MONTROSE,10,2020-04-09
UNINCORPORATED,LA CRESCENTA-MONTROSE,10,2020-04-10
UNINCORPORATED,LA CRESCENTA-MONTROSE,10,2020-04-11
UNINCORPORATED,LA CRESCENTA-MONTROSE,10,2020-04-12
NA,LA HABRA HEIGHTS,NA,2020-03-27
UNINCORPORATED,LA HABRA HEIGHTS,NA,2020-03-27
NA,LA HABRA HEIGHTS,0,2020-03-28
UNINCORPORATED,LA HABRA HEIGHTS,0,2020-03-28
NA,LA HABRA HEIGHTS,0,2020-03-29
UNINCORPORATED,LA HABRA HEIGHTS,0,2020-03-29
NA,LA HABRA HEIGHTS,0,2020-03-30
UNINCORPORATED,LA HABRA HEIGHTS,0,2020-03-30
NA,LA HABRA HEIGHTS,0,2020-03-31
UNINCORPORATED,LA HABRA HEIGHTS,0,2020-03-31
NA,LA HABRA HEIGHTS,0,2020-04-01
UNINCORPORATED,LA HABRA HEIGHTS,0,2020-04-01
NA,LA HABRA HEIGHTS,0,2020-04-02
UNINCORPORATED,LA HABRA HEIGHTS,0,2020-04-02
NA,LA HABRA HEIGHTS,0,2020-04-03
UNINCORPORATED,LA HABRA HEIGHTS,0,2020-04-03
NA,LA HABRA HEIGHTS,0,2020-04-04
UNINCORPORATED,LA HABRA HEIGHTS,0,2020-04-04
NA,LA HABRA HEIGHTS,0,2020-04-05
UNINCORPORATED,LA HABRA HEIGHTS,0,2020-04-05
NA,LA HABRA HEIGHTS,0,2020-04-06
UNINCORPORATED,LA HABRA HEIGHTS,0,2020-04-06
NA,LA HABRA HEIGHTS,0,2020-04-07
UNINCORPORATED,LA HABRA HEIGHTS,0,2020-04-07
NA,LA HABRA HEIGHTS,NA,2020-04-08
UNINCORPORATED,LA HABRA HEIGHTS,0,2020-04-08
NA,LA HABRA HEIGHTS,NA,2020-04-09
UNINCORPORATED,LA HABRA HEIGHTS,0,2020-04-09
NA,LA HABRA HEIGHTS,NA,2020-04-10
UNINCORPORATED,LA HABRA HEIGHTS,0,2020-04-10
NA,LA HABRA HEIGHTS,NA,2020-04-11
UNINCORPORATED,LA HABRA HEIGHTS,0,2020-04-11
NA,LA HABRA HEIGHTS,NA,2020-04-12
UNINCORPORATED,LA HABRA HEIGHTS,0,2020-04-12
NA,LA MIRADA,2,2020-03-16
NA,LA MIRADA,3,2020-03-17
NA,LA MIRADA,3,2020-03-18
NA,LA MIRADA,3,2020-03-19
NA,LA MIRADA,3,2020-03-20
NA,LA MIRADA,3,2020-03-21
NA,LA MIRADA,3,2020-03-22
NA,LA MIRADA,3,2020-03-23
NA,LA MIRADA,3,2020-03-24
NA,LA MIRADA,4,2020-03-25
NA,LA MIRADA,5,2020-03-26
NA,LA MIRADA,5,2020-03-27
NA,LA MIRADA,6,2020-03-28
NA,LA MIRADA,7,2020-03-29
NA,LA MIRADA,7,2020-03-30
NA,LA MIRADA,8,2020-03-31
NA,LA MIRADA,9,2020-04-01
NA,LA MIRADA,11,2020-04-02
NA,LA MIRADA,11,2020-04-03
NA,LA MIRADA,13,2020-04-04
NA,LA MIRADA,15,2020-04-05
NA,LA MIRADA,16,2020-04-06
NA,LA MIRADA,16,2020-04-07
NA,LA MIRADA,17,2020-04-08
NA,LA MIRADA,19,2020-04-09
NA,LA MIRADA,21,2020-04-10
NA,LA MIRADA,21,2020-04-11
NA,LA MIRADA,21,2020-04-12
NA,LA PUENTE,1,2020-03-24
NA,LA PUENTE,1,2020-03-26
NA,LA PUENTE,1,2020-03-27
NA,LA PUENTE,2,2020-03-28
NA,LA PUENTE,3,2020-03-29
NA,LA PUENTE,3,2020-03-30
NA,LA PUENTE,3,2020-03-31
NA,LA PUENTE,6,2020-04-01
NA,LA PUENTE,7,2020-04-02
NA,LA PUENTE,8,2020-04-03
NA,LA PUENTE,11,2020-04-04
NA,LA PUENTE,12,2020-04-05
NA,LA PUENTE,13,2020-04-06
NA,LA PUENTE,14,2020-04-07
NA,LA PUENTE,14,2020-04-08
NA,LA PUENTE,15,2020-04-09
NA,LA PUENTE,18,2020-04-10
NA,LA PUENTE,19,2020-04-11
NA,LA PUENTE,20,2020-04-12
UNINCORPORATED,LA RAMBLA,NA,2020-03-27
UNINCORPORATED,LA RAMBLA,NA,2020-03-28
UNINCORPORATED,LA RAMBLA,NA,2020-03-29
UNINCORPORATED,LA RAMBLA,NA,2020-03-30
UNINCORPORATED,LA RAMBLA,NA,2020-03-31
UNINCORPORATED,LA RAMBLA,NA,2020-04-01
UNINCORPORATED,LA RAMBLA,NA,2020-04-02
UNINCORPORATED,LA RAMBLA,NA,2020-04-03
UNINCORPORATED,LA RAMBLA,NA,2020-04-04
UNINCORPORATED,LA RAMBLA,NA,2020-04-05
UNINCORPORATED,LA RAMBLA,NA,2020-04-06
UNINCORPORATED,LA RAMBLA,NA,2020-04-07
UNINCORPORATED,LA RAMBLA,NA,2020-04-08
UNINCORPORATED,LA RAMBLA,NA,2020-04-09
UNINCORPORATED,LA RAMBLA,NA,2020-04-10
UNINCORPORATED,LA RAMBLA,NA,2020-04-11
UNINCORPORATED,LA RAMBLA,6,2020-04-12
NA,LA VERNE,1,2020-03-21
NA,LA VERNE,2,2020-03-22
NA,LA VERNE,2,2020-03-23
NA,LA VERNE,2,2020-03-24
NA,LA VERNE,2,2020-03-25
NA,LA VERNE,2,2020-03-26
NA,LA VERNE,1,2020-03-27
UNINCORPORATED,LA VERNE,NA,2020-03-27
NA,LA VERNE,1,2020-03-28
UNINCORPORATED,LA VERNE,NA,2020-03-28
NA,LA VERNE,1,2020-03-29
UNINCORPORATED,LA VERNE,NA,2020-03-29
NA,LA VERNE,2,2020-03-30
UNINCORPORATED,LA VERNE,NA,2020-03-30
NA,LA VERNE,2,2020-03-31
UNINCORPORATED,LA VERNE,NA,2020-03-31
NA,LA VERNE,2,2020-04-01
UNINCORPORATED,LA VERNE,NA,2020-04-01
NA,LA VERNE,2,2020-04-02
UNINCORPORATED,LA VERNE,NA,2020-04-02
NA,LA VERNE,2,2020-04-03
UNINCORPORATED,LA VERNE,NA,2020-04-03
NA,LA VERNE,4,2020-04-04
UNINCORPORATED,LA VERNE,NA,2020-04-04
NA,LA VERNE,7,2020-04-05
UNINCORPORATED,LA VERNE,NA,2020-04-05
NA,LA VERNE,7,2020-04-06
UNINCORPORATED,LA VERNE,NA,2020-04-06
NA,LA VERNE,7,2020-04-07
UNINCORPORATED,LA VERNE,NA,2020-04-07
NA,LA VERNE,7,2020-04-08
UNINCORPORATED,LA VERNE,NA,2020-04-08
NA,LA VERNE,8,2020-04-09
UNINCORPORATED,LA VERNE,NA,2020-04-09
NA,LA VERNE,8,2020-04-10
UNINCORPORATED,LA VERNE,NA,2020-04-10
NA,LA VERNE,8,2020-04-11
UNINCORPORATED,LA VERNE,NA,2020-04-11
NA,LA VERNE,8,2020-04-12
UNINCORPORATED,LA VERNE,NA,2020-04-12
UNINCORPORATED,LADERA HEIGHTS,0,2020-03-27
UNINCORPORATED,LADERA HEIGHTS,0,2020-03-28
UNINCORPORATED,LADERA HEIGHTS,NA,2020-03-29
UNINCORPORATED,LADERA HEIGHTS,NA,2020-03-30
UNINCORPORATED,LADERA HEIGHTS,5,2020-03-31
UNINCORPORATED,LADERA HEIGHTS,5,2020-04-01
UNINCORPORATED,LADERA HEIGHTS,6,2020-04-02
UNINCORPORATED,LADERA HEIGHTS,7,2020-04-03
UNINCORPORATED,LADERA HEIGHTS,8,2020-04-04
UNINCORPORATED,LADERA HEIGHTS,10,2020-04-05
UNINCORPORATED,LADERA HEIGHTS,10,2020-04-06
UNINCORPORATED,LADERA HEIGHTS,12,2020-04-07
UNINCORPORATED,LADERA HEIGHTS,12,2020-04-08
UNINCORPORATED,LADERA HEIGHTS,12,2020-04-09
UNINCORPORATED,LADERA HEIGHTS,12,2020-04-10
UNINCORPORATED,LADERA HEIGHTS,13,2020-04-11
UNINCORPORATED,LADERA HEIGHTS,13,2020-04-12
LOS ANGELES,LAFAYETTE SQUARE,NA,2020-03-27
LOS ANGELES,LAFAYETTE SQUARE,NA,2020-03-28
LOS ANGELES,LAFAYETTE SQUARE,NA,2020-03-29
LOS ANGELES,LAFAYETTE SQUARE,NA,2020-03-30
LOS ANGELES,LAFAYETTE SQUARE,NA,2020-03-31
LOS ANGELES,LAFAYETTE SQUARE,NA,2020-04-01
LOS ANGELES,LAFAYETTE SQUARE,NA,2020-04-02
LOS ANGELES,LAFAYETTE SQUARE,NA,2020-04-03
LOS ANGELES,LAFAYETTE SQUARE,NA,2020-04-04
LOS ANGELES,LAFAYETTE SQUARE,5,2020-04-05
LOS ANGELES,LAFAYETTE SQUARE,5,2020-04-06
LOS ANGELES,LAFAYETTE SQUARE,5,2020-04-07
LOS ANGELES,LAFAYETTE SQUARE,6,2020-04-08
LOS ANGELES,LAFAYETTE SQUARE,6,2020-04-09
LOS ANGELES,LAFAYETTE SQUARE,6,2020-04-10
LOS ANGELES,LAFAYETTE SQUARE,7,2020-04-11
LOS ANGELES,LAFAYETTE SQUARE,7,2020-04-12
NA,LAKE BALBOA,1,2020-03-20
NA,LAKE BALBOA,1,2020-03-21
NA,LAKE BALBOA,1,2020-03-22
NA,LAKE BALBOA,2,2020-03-23
NA,LAKE BALBOA,2,2020-03-24
NA,LAKE BALBOA,2,2020-03-25
NA,LAKE BALBOA,3,2020-03-26
LOS ANGELES,LAKE BALBOA,3,2020-03-27
LOS ANGELES,LAKE BALBOA,6,2020-03-28
LOS ANGELES,LAKE BALBOA,8,2020-03-29
LOS ANGELES,LAKE BALBOA,11,2020-03-30
LOS ANGELES,LAKE BALBOA,11,2020-03-31
LOS ANGELES,LAKE BALBOA,14,2020-04-01
LOS ANGELES,LAKE BALBOA,16,2020-04-02
LOS ANGELES,LAKE BALBOA,19,2020-04-03
LOS ANGELES,LAKE BALBOA,20,2020-04-04
LOS ANGELES,LAKE BALBOA,25,2020-04-05
LOS ANGELES,LAKE BALBOA,26,2020-04-06
LOS ANGELES,LAKE BALBOA,28,2020-04-07
LOS ANGELES,LAKE BALBOA,30,2020-04-08
LOS ANGELES,LAKE BALBOA,31,2020-04-09
LOS ANGELES,LAKE BALBOA,31,2020-04-10
LOS ANGELES,LAKE BALBOA,32,2020-04-11
LOS ANGELES,LAKE BALBOA,33,2020-04-12
UNINCORPORATED,LAKE HUGHES,0,2020-03-27
UNINCORPORATED,LAKE HUGHES,0,2020-03-28
UNINCORPORATED,LAKE HUGHES,0,2020-03-29
UNINCORPORATED,LAKE HUGHES,0,2020-03-30
UNINCORPORATED,LAKE HUGHES,0,2020-03-31
UNINCORPORATED,LAKE HUGHES,0,2020-04-01
UNINCORPORATED,LAKE HUGHES,0,2020-04-02
UNINCORPORATED,LAKE HUGHES,0,2020-04-03
UNINCORPORATED,LAKE HUGHES,0,2020-04-04
UNINCORPORATED,LAKE HUGHES,0,2020-04-05
UNINCORPORATED,LAKE HUGHES,0,2020-04-06
UNINCORPORATED,LAKE HUGHES,0,2020-04-07
UNINCORPORATED,LAKE HUGHES,0,2020-04-08
UNINCORPORATED,LAKE HUGHES,0,2020-04-09
UNINCORPORATED,LAKE HUGHES,0,2020-04-10
UNINCORPORATED,LAKE HUGHES,0,2020-04-11
UNINCORPORATED,LAKE HUGHES,0,2020-04-12
UNINCORPORATED,LAKE LOS ANGELES,0,2020-03-27
UNINCORPORATED,LAKE LOS ANGELES,0,2020-03-28
UNINCORPORATED,LAKE LOS ANGELES,0,2020-03-29
UNINCORPORATED,LAKE LOS ANGELES,0,2020-03-30
UNINCORPORATED,LAKE LOS ANGELES,0,2020-03-31
UNINCORPORATED,LAKE LOS ANGELES,0,2020-04-01
UNINCORPORATED,LAKE LOS ANGELES,NA,2020-04-02
UNINCORPORATED,LAKE LOS ANGELES,NA,2020-04-03
UNINCORPORATED,LAKE LOS ANGELES,NA,2020-04-04
UNINCORPORATED,LAKE LOS ANGELES,NA,2020-04-05
UNINCORPORATED,LAKE LOS ANGELES,NA,2020-04-06
UNINCORPORATED,LAKE LOS ANGELES,NA,2020-04-07
UNINCORPORATED,LAKE LOS ANGELES,NA,2020-04-08
UNINCORPORATED,LAKE LOS ANGELES,NA,2020-04-09
UNINCORPORATED,LAKE LOS ANGELES,NA,2020-04-10
UNINCORPORATED,LAKE LOS ANGELES,NA,2020-04-11
UNINCORPORATED,LAKE LOS ANGELES,NA,2020-04-12
UNINCORPORATED,LAKE MANOR,0,2020-03-27
UNINCORPORATED,LAKE MANOR,0,2020-03-28
UNINCORPORATED,LAKE MANOR,0,2020-03-29
UNINCORPORATED,LAKE MANOR,0,2020-03-30
UNINCORPORATED,LAKE MANOR,0,2020-03-31
UNINCORPORATED,LAKE MANOR,0,2020-04-01
UNINCORPORATED,LAKE MANOR,0,2020-04-02
UNINCORPORATED,LAKE MANOR,0,2020-04-03
UNINCORPORATED,LAKE MANOR,0,2020-04-04
UNINCORPORATED,LAKE MANOR,NA,2020-04-05
UNINCORPORATED,LAKE MANOR,NA,2020-04-06
UNINCORPORATED,LAKE MANOR,NA,2020-04-07
UNINCORPORATED,LAKE MANOR,NA,2020-04-08
UNINCORPORATED,LAKE MANOR,NA,2020-04-09
UNINCORPORATED,LAKE MANOR,NA,2020-04-10
UNINCORPORATED,LAKE MANOR,NA,2020-04-11
UNINCORPORATED,LAKE MANOR,NA,2020-04-12
LOS ANGELES,LAKEVIEW TERRACE,NA,2020-03-27
LOS ANGELES,LAKEVIEW TERRACE,NA,2020-03-28
LOS ANGELES,LAKEVIEW TERRACE,NA,2020-03-29
LOS ANGELES,LAKEVIEW TERRACE,NA,2020-03-30
LOS ANGELES,LAKEVIEW TERRACE,5,2020-03-31
LOS ANGELES,LAKEVIEW TERRACE,6,2020-04-01
LOS ANGELES,LAKEVIEW TERRACE,8,2020-04-02
LOS ANGELES,LAKEVIEW TERRACE,9,2020-04-03
LOS ANGELES,LAKEVIEW TERRACE,9,2020-04-04
LOS ANGELES,LAKEVIEW TERRACE,10,2020-04-05
LOS ANGELES,LAKEVIEW TERRACE,10,2020-04-06
LOS ANGELES,LAKEVIEW TERRACE,14,2020-04-07
LOS ANGELES,LAKEVIEW TERRACE,14,2020-04-08
LOS ANGELES,LAKEVIEW TERRACE,15,2020-04-09
LOS ANGELES,LAKEVIEW TERRACE,16,2020-04-10
LOS ANGELES,LAKEVIEW TERRACE,16,2020-04-11
LOS ANGELES,LAKEVIEW TERRACE,16,2020-04-12
NA,LAKEWOOD,1,2020-03-20
NA,LAKEWOOD,1,2020-03-21
NA,LAKEWOOD,1,2020-03-22
NA,LAKEWOOD,1,2020-03-23
NA,LAKEWOOD,3,2020-03-24
NA,LAKEWOOD,4,2020-03-25
NA,LAKEWOOD,7,2020-03-26
NA,LAKEWOOD,8,2020-03-27
UNINCORPORATED,LAKEWOOD,0,2020-03-27
NA,LAKEWOOD,11,2020-03-28
UNINCORPORATED,LAKEWOOD,0,2020-03-28
NA,LAKEWOOD,12,2020-03-29
UNINCORPORATED,LAKEWOOD,0,2020-03-29
NA,LAKEWOOD,13,2020-03-30
UNINCORPORATED,LAKEWOOD,0,2020-03-30
NA,LAKEWOOD,16,2020-03-31
UNINCORPORATED,LAKEWOOD,0,2020-03-31
NA,LAKEWOOD,18,2020-04-01
UNINCORPORATED,LAKEWOOD,0,2020-04-01
NA,LAKEWOOD,21,2020-04-02
UNINCORPORATED,LAKEWOOD,0,2020-04-02
NA,LAKEWOOD,24,2020-04-03
UNINCORPORATED,LAKEWOOD,0,2020-04-03
NA,LAKEWOOD,28,2020-04-04
UNINCORPORATED,LAKEWOOD,0,2020-04-04
NA,LAKEWOOD,29,2020-04-05
UNINCORPORATED,LAKEWOOD,0,2020-04-05
NA,LAKEWOOD,32,2020-04-06
UNINCORPORATED,LAKEWOOD,0,2020-04-06
NA,LAKEWOOD,36,2020-04-07
UNINCORPORATED,LAKEWOOD,0,2020-04-07
NA,LAKEWOOD,37,2020-04-08
UNINCORPORATED,LAKEWOOD,0,2020-04-08
NA,LAKEWOOD,37,2020-04-09
UNINCORPORATED,LAKEWOOD,0,2020-04-09
NA,LAKEWOOD,40,2020-04-10
UNINCORPORATED,LAKEWOOD,0,2020-04-10
NA,LAKEWOOD,41,2020-04-11
UNINCORPORATED,LAKEWOOD,0,2020-04-11
NA,LAKEWOOD,41,2020-04-12
UNINCORPORATED,LAKEWOOD,0,2020-04-12
NA,LANCASTER,1,2020-03-16
NA,LANCASTER,3,2020-03-20
NA,LANCASTER,3,2020-03-21
NA,LANCASTER,4,2020-03-22
NA,LANCASTER,7,2020-03-23
NA,LANCASTER,8,2020-03-24
NA,LANCASTER,13,2020-03-25
NA,LANCASTER,16,2020-03-26
NA,LANCASTER,18,2020-03-27
NA,LANCASTER,19,2020-03-28
NA,LANCASTER,23,2020-03-29
NA,LANCASTER,27,2020-03-30
NA,LANCASTER,31,2020-03-31
NA,LANCASTER,32,2020-04-01
NA,LANCASTER,33,2020-04-02
NA,LANCASTER,38,2020-04-03
NA,LANCASTER,43,2020-04-04
NA,LANCASTER,51,2020-04-05
NA,LANCASTER,61,2020-04-06
NA,LANCASTER,64,2020-04-07
NA,LANCASTER,73,2020-04-08
NA,LANCASTER,74,2020-04-09
NA,LANCASTER,79,2020-04-10
NA,LANCASTER,83,2020-04-11
NA,LANCASTER,87,2020-04-12
NA,LAWNDALE,1,2020-03-19
NA,LAWNDALE,1,2020-03-20
NA,LAWNDALE,1,2020-03-21
NA,LAWNDALE,1,2020-03-22
NA,LAWNDALE,2,2020-03-23
NA,LAWNDALE,2,2020-03-24
NA,LAWNDALE,1,2020-03-25
NA,LAWNDALE,2,2020-03-26
NA,LAWNDALE,2,2020-03-27
NA,LAWNDALE,3,2020-03-28
NA,LAWNDALE,4,2020-03-29
NA,LAWNDALE,4,2020-03-30
NA,LAWNDALE,6,2020-03-31
NA,LAWNDALE,7,2020-04-01
NA,LAWNDALE,8,2020-04-02
NA,LAWNDALE,10,2020-04-03
NA,LAWNDALE,10,2020-04-04
NA,LAWNDALE,13,2020-04-05
NA,LAWNDALE,16,2020-04-06
NA,LAWNDALE,20,2020-04-07
NA,LAWNDALE,22,2020-04-08
NA,LAWNDALE,22,2020-04-09
NA,LAWNDALE,24,2020-04-10
NA,LAWNDALE,25,2020-04-11
NA,LAWNDALE,25,2020-04-12
NA,LEIMERT PARK,2,2020-03-26
LOS ANGELES,LEIMERT PARK,NA,2020-03-27
LOS ANGELES,LEIMERT PARK,NA,2020-03-28
LOS ANGELES,LEIMERT PARK,NA,2020-03-29
LOS ANGELES,LEIMERT PARK,NA,2020-03-30
LOS ANGELES,LEIMERT PARK,NA,2020-03-31
LOS ANGELES,LEIMERT PARK,7,2020-04-01
LOS ANGELES,LEIMERT PARK,10,2020-04-02
LOS ANGELES,LEIMERT PARK,12,2020-04-03
LOS ANGELES,LEIMERT PARK,15,2020-04-04
LOS ANGELES,LEIMERT PARK,17,2020-04-05
LOS ANGELES,LEIMERT PARK,18,2020-04-06
LOS ANGELES,LEIMERT PARK,20,2020-04-07
LOS ANGELES,LEIMERT PARK,21,2020-04-08
LOS ANGELES,LEIMERT PARK,23,2020-04-09
LOS ANGELES,LEIMERT PARK,23,2020-04-10
LOS ANGELES,LEIMERT PARK,24,2020-04-11
LOS ANGELES,LEIMERT PARK,24,2020-04-12
UNINCORPORATED,LENNOX,NA,2020-03-27
UNINCORPORATED,LENNOX,NA,2020-03-28
UNINCORPORATED,LENNOX,5,2020-03-29
UNINCORPORATED,LENNOX,7,2020-03-30
UNINCORPORATED,LENNOX,8,2020-03-31
UNINCORPORATED,LENNOX,8,2020-04-01
UNINCORPORATED,LENNOX,9,2020-04-02
UNINCORPORATED,LENNOX,10,2020-04-03
UNINCORPORATED,LENNOX,12,2020-04-04
UNINCORPORATED,LENNOX,15,2020-04-05
UNINCORPORATED,LENNOX,16,2020-04-06
UNINCORPORATED,LENNOX,16,2020-04-07
UNINCORPORATED,LENNOX,17,2020-04-08
UNINCORPORATED,LENNOX,17,2020-04-09
UNINCORPORATED,LENNOX,18,2020-04-10
UNINCORPORATED,LENNOX,18,2020-04-11
UNINCORPORATED,LENNOX,18,2020-04-12
UNINCORPORATED,LEONA VALLEY,0,2020-03-27
UNINCORPORATED,LEONA VALLEY,0,2020-03-28
UNINCORPORATED,LEONA VALLEY,0,2020-03-29
UNINCORPORATED,LEONA VALLEY,0,2020-03-30
UNINCORPORATED,LEONA VALLEY,0,2020-03-31
UNINCORPORATED,LEONA VALLEY,0,2020-04-01
UNINCORPORATED,LEONA VALLEY,0,2020-04-02
UNINCORPORATED,LEONA VALLEY,0,2020-04-03
UNINCORPORATED,LEONA VALLEY,0,2020-04-04
UNINCORPORATED,LEONA VALLEY,0,2020-04-05
UNINCORPORATED,LEONA VALLEY,0,2020-04-06
UNINCORPORATED,LEONA VALLEY,0,2020-04-07
UNINCORPORATED,LEONA VALLEY,0,2020-04-08
UNINCORPORATED,LEONA VALLEY,0,2020-04-09
UNINCORPORATED,LEONA VALLEY,0,2020-04-10
UNINCORPORATED,LEONA VALLEY,0,2020-04-11
UNINCORPORATED,LEONA VALLEY,0,2020-04-12
NA,LINCOLN HEIGHTS,1,2020-03-23
NA,LINCOLN HEIGHTS,1,2020-03-24
NA,LINCOLN HEIGHTS,1,2020-03-26
LOS ANGELES,LINCOLN HEIGHTS,1,2020-03-27
LOS ANGELES,LINCOLN HEIGHTS,1,2020-03-28
LOS ANGELES,LINCOLN HEIGHTS,2,2020-03-29
LOS ANGELES,LINCOLN HEIGHTS,2,2020-03-30
LOS ANGELES,LINCOLN HEIGHTS,4,2020-03-31
LOS ANGELES,LINCOLN HEIGHTS,5,2020-04-01
LOS ANGELES,LINCOLN HEIGHTS,6,2020-04-02
LOS ANGELES,LINCOLN HEIGHTS,6,2020-04-03
LOS ANGELES,LINCOLN HEIGHTS,11,2020-04-04
LOS ANGELES,LINCOLN HEIGHTS,11,2020-04-05
LOS ANGELES,LINCOLN HEIGHTS,12,2020-04-06
LOS ANGELES,LINCOLN HEIGHTS,13,2020-04-07
LOS ANGELES,LINCOLN HEIGHTS,14,2020-04-08
LOS ANGELES,LINCOLN HEIGHTS,14,2020-04-09
LOS ANGELES,LINCOLN HEIGHTS,15,2020-04-10
LOS ANGELES,LINCOLN HEIGHTS,16,2020-04-11
LOS ANGELES,LINCOLN HEIGHTS,18,2020-04-12
LOS ANGELES,LITTLE ARMENIA,0,2020-03-27
LOS ANGELES,LITTLE ARMENIA,0,2020-03-28
LOS ANGELES,LITTLE ARMENIA,0,2020-03-29
LOS ANGELES,LITTLE ARMENIA,0,2020-03-30
LOS ANGELES,LITTLE ARMENIA,NA,2020-03-31
LOS ANGELES,LITTLE ARMENIA,NA,2020-04-01
LOS ANGELES,LITTLE ARMENIA,NA,2020-04-02
LOS ANGELES,LITTLE ARMENIA,9,2020-04-03
LOS ANGELES,LITTLE ARMENIA,12,2020-04-04
LOS ANGELES,LITTLE ARMENIA,16,2020-04-05
LOS ANGELES,LITTLE ARMENIA,19,2020-04-06
LOS ANGELES,LITTLE ARMENIA,19,2020-04-07
LOS ANGELES,LITTLE ARMENIA,22,2020-04-08
LOS ANGELES,LITTLE ARMENIA,25,2020-04-09
LOS ANGELES,LITTLE ARMENIA,29,2020-04-10
LOS ANGELES,LITTLE ARMENIA,34,2020-04-11
LOS ANGELES,LITTLE ARMENIA,35,2020-04-12
NA,LITTLE BANGLADESH,1,2020-03-26
LOS ANGELES,LITTLE BANGLADESH,2,2020-03-27
LOS ANGELES,LITTLE BANGLADESH,2,2020-03-28
LOS ANGELES,LITTLE BANGLADESH,4,2020-03-29
LOS ANGELES,LITTLE BANGLADESH,5,2020-03-30
LOS ANGELES,LITTLE BANGLADESH,5,2020-03-31
LOS ANGELES,LITTLE BANGLADESH,8,2020-04-01
LOS ANGELES,LITTLE BANGLADESH,9,2020-04-02
LOS ANGELES,LITTLE BANGLADESH,11,2020-04-03
LOS ANGELES,LITTLE BANGLADESH,14,2020-04-04
LOS ANGELES,LITTLE BANGLADESH,16,2020-04-05
LOS ANGELES,LITTLE BANGLADESH,18,2020-04-06
LOS ANGELES,LITTLE BANGLADESH,22,2020-04-07
LOS ANGELES,LITTLE BANGLADESH,26,2020-04-08
LOS ANGELES,LITTLE BANGLADESH,28,2020-04-09
LOS ANGELES,LITTLE BANGLADESH,28,2020-04-10
LOS ANGELES,LITTLE BANGLADESH,30,2020-04-11
LOS ANGELES,LITTLE BANGLADESH,31,2020-04-12
LOS ANGELES,LITTLE TOKYO,0,2020-03-27
LOS ANGELES,LITTLE TOKYO,0,2020-03-28
LOS ANGELES,LITTLE TOKYO,NA,2020-03-29
LOS ANGELES,LITTLE TOKYO,NA,2020-03-30
LOS ANGELES,LITTLE TOKYO,NA,2020-03-31
LOS ANGELES,LITTLE TOKYO,NA,2020-04-01
LOS ANGELES,LITTLE TOKYO,NA,2020-04-02
LOS ANGELES,LITTLE TOKYO,NA,2020-04-03
LOS ANGELES,LITTLE TOKYO,NA,2020-04-04
LOS ANGELES,LITTLE TOKYO,NA,2020-04-05
LOS ANGELES,LITTLE TOKYO,NA,2020-04-06
LOS ANGELES,LITTLE TOKYO,NA,2020-04-07
LOS ANGELES,LITTLE TOKYO,NA,2020-04-08
LOS ANGELES,LITTLE TOKYO,NA,2020-04-09
LOS ANGELES,LITTLE TOKYO,NA,2020-04-10
LOS ANGELES,LITTLE TOKYO,NA,2020-04-11
LOS ANGELES,LITTLE TOKYO,NA,2020-04-12
UNINCORPORATED,LITTLEROCK,0,2020-03-27
UNINCORPORATED,LITTLEROCK,0,2020-03-28
UNINCORPORATED,LITTLEROCK,0,2020-03-29
UNINCORPORATED,LITTLEROCK,0,2020-03-30
UNINCORPORATED,LITTLEROCK,0,2020-03-31
UNINCORPORATED,LITTLEROCK,0,2020-04-01
UNINCORPORATED,LITTLEROCK,0,2020-04-02
UNINCORPORATED,LITTLEROCK,0,2020-04-03
UNINCORPORATED,LITTLEROCK,0,2020-04-04
UNINCORPORATED,LITTLEROCK,0,2020-04-05
UNINCORPORATED,LITTLEROCK,0,2020-04-06
UNINCORPORATED,LITTLEROCK,0,2020-04-07
UNINCORPORATED,LITTLEROCK,0,2020-04-08
UNINCORPORATED,LITTLEROCK,0,2020-04-09
UNINCORPORATED,LITTLEROCK,0,2020-04-10
UNINCORPORATED,LITTLEROCK,0,2020-04-11
UNINCORPORATED,LITTLEROCK,0,2020-04-12
UNINCORPORATED,LITTLEROCK/JUNIPER HILLS,0,2020-03-27
UNINCORPORATED,LITTLEROCK/JUNIPER HILLS,0,2020-03-28
UNINCORPORATED,LITTLEROCK/JUNIPER HILLS,0,2020-03-29
UNINCORPORATED,LITTLEROCK/JUNIPER HILLS,0,2020-03-30
UNINCORPORATED,LITTLEROCK/JUNIPER HILLS,0,2020-03-31
UNINCORPORATED,LITTLEROCK/JUNIPER HILLS,0,2020-04-01
UNINCORPORATED,LITTLEROCK/JUNIPER HILLS,0,2020-04-02
UNINCORPORATED,LITTLEROCK/JUNIPER HILLS,0,2020-04-03
UNINCORPORATED,LITTLEROCK/JUNIPER HILLS,0,2020-04-04
UNINCORPORATED,LITTLEROCK/JUNIPER HILLS,0,2020-04-05
UNINCORPORATED,LITTLEROCK/JUNIPER HILLS,0,2020-04-06
UNINCORPORATED,LITTLEROCK/JUNIPER HILLS,0,2020-04-07
UNINCORPORATED,LITTLEROCK/JUNIPER HILLS,0,2020-04-08
UNINCORPORATED,LITTLEROCK/JUNIPER HILLS,NA,2020-04-09
UNINCORPORATED,LITTLEROCK/JUNIPER HILLS,NA,2020-04-10
UNINCORPORATED,LITTLEROCK/JUNIPER HILLS,NA,2020-04-11
UNINCORPORATED,LITTLEROCK/JUNIPER HILLS,NA,2020-04-12
UNINCORPORATED,LITTLEROCK/PEARBLOSSOM,0,2020-03-27
UNINCORPORATED,LITTLEROCK/PEARBLOSSOM,0,2020-03-28
UNINCORPORATED,LITTLEROCK/PEARBLOSSOM,0,2020-03-29
UNINCORPORATED,LITTLEROCK/PEARBLOSSOM,0,2020-03-30
UNINCORPORATED,LITTLEROCK/PEARBLOSSOM,0,2020-03-31
UNINCORPORATED,LITTLEROCK/PEARBLOSSOM,0,2020-04-01
UNINCORPORATED,LITTLEROCK/PEARBLOSSOM,0,2020-04-02
UNINCORPORATED,LITTLEROCK/PEARBLOSSOM,0,2020-04-03
UNINCORPORATED,LITTLEROCK/PEARBLOSSOM,0,2020-04-04
UNINCORPORATED,LITTLEROCK/PEARBLOSSOM,NA,2020-04-05
UNINCORPORATED,LITTLEROCK/PEARBLOSSOM,NA,2020-04-06
UNINCORPORATED,LITTLEROCK/PEARBLOSSOM,NA,2020-04-07
UNINCORPORATED,LITTLEROCK/PEARBLOSSOM,NA,2020-04-08
UNINCORPORATED,LITTLEROCK/PEARBLOSSOM,NA,2020-04-09
UNINCORPORATED,LITTLEROCK/PEARBLOSSOM,NA,2020-04-10
UNINCORPORATED,LITTLEROCK/PEARBLOSSOM,NA,2020-04-11
UNINCORPORATED,LITTLEROCK/PEARBLOSSOM,NA,2020-04-12
UNINCORPORATED,LLANO,0,2020-03-27
UNINCORPORATED,LLANO,0,2020-03-28
UNINCORPORATED,LLANO,0,2020-03-29
UNINCORPORATED,LLANO,0,2020-03-30
UNINCORPORATED,LLANO,0,2020-03-31
UNINCORPORATED,LLANO,0,2020-04-01
UNINCORPORATED,LLANO,0,2020-04-02
UNINCORPORATED,LLANO,0,2020-04-03
UNINCORPORATED,LLANO,0,2020-04-04
UNINCORPORATED,LLANO,0,2020-04-05
UNINCORPORATED,LLANO,0,2020-04-06
UNINCORPORATED,LLANO,0,2020-04-07
UNINCORPORATED,LLANO,0,2020-04-08
UNINCORPORATED,LLANO,0,2020-04-09
UNINCORPORATED,LLANO,0,2020-04-10
UNINCORPORATED,LLANO,0,2020-04-11
UNINCORPORATED,LLANO,0,2020-04-12
NA,LOMITA,5,2020-03-19
NA,LOMITA,5,2020-03-20
NA,LOMITA,7,2020-03-21
NA,LOMITA,8,2020-03-22
NA,LOMITA,8,2020-03-23
NA,LOMITA,9,2020-03-24
NA,LOMITA,9,2020-03-25
NA,LOMITA,12,2020-03-26
NA,LOMITA,0,2020-03-27
NA,LOMITA,NA,2020-03-28
NA,LOMITA,NA,2020-03-29
NA,LOMITA,NA,2020-03-30
NA,LOMITA,NA,2020-03-31
NA,LOMITA,NA,2020-04-01
NA,LOMITA,NA,2020-04-02
NA,LOMITA,6,2020-04-03
NA,LOMITA,7,2020-04-04
NA,LOMITA,9,2020-04-05
NA,LOMITA,11,2020-04-06
NA,LOMITA,13,2020-04-07
NA,LOMITA,13,2020-04-08
NA,LOMITA,17,2020-04-09
NA,LOMITA,18,2020-04-10
NA,LOMITA,19,2020-04-11
NA,LOMITA,21,2020-04-12
LOS ANGELES,LONGWOOD,0,2020-03-27
LOS ANGELES,LONGWOOD,0,2020-03-28
LOS ANGELES,LONGWOOD,0,2020-03-29
LOS ANGELES,LONGWOOD,NA,2020-03-30
LOS ANGELES,LONGWOOD,NA,2020-03-31
LOS ANGELES,LONGWOOD,NA,2020-04-01
LOS ANGELES,LONGWOOD,NA,2020-04-02
LOS ANGELES,LONGWOOD,NA,2020-04-03
LOS ANGELES,LONGWOOD,NA,2020-04-04
LOS ANGELES,LONGWOOD,NA,2020-04-05
LOS ANGELES,LONGWOOD,NA,2020-04-06
LOS ANGELES,LONGWOOD,NA,2020-04-07
LOS ANGELES,LONGWOOD,NA,2020-04-08
LOS ANGELES,LONGWOOD,NA,2020-04-09
LOS ANGELES,LONGWOOD,NA,2020-04-10
LOS ANGELES,LONGWOOD,NA,2020-04-11
LOS ANGELES,LONGWOOD,NA,2020-04-12
NA,LOS ANGELES,839,2020-03-28
NA,LOS ANGELES,1020,2020-03-29
NA,LOS ANGELES,1171,2020-03-30
NA,LOS ANGELES,1386,2020-03-31
NA,LOS ANGELES,1580,2020-04-01
NA,LOS ANGELES,1787,2020-04-02
NA,LOS ANGELES,2047,2020-04-03
NA,LOS ANGELES,2361,2020-04-04
NA,LOS ANGELES,2659,2020-04-05
NA,LOS ANGELES,2851,2020-04-06
NA,LOS ANGELES,3130,2020-04-07
NA,LOS ANGELES,3360,2020-04-08
NA,LOS ANGELES,3587,2020-04-09
NA,LOS ANGELES,3787,2020-04-10
NA,LOS ANGELES,3990,2020-04-11
NA,LOS ANGELES,4092,2020-04-12
NA,LOS ANGELES COUNTY DEPARTMENT OF PUBLIC HEALTH HTTP://PUBLICHEALTH.LACOUNTY.GOV/MEDIA/CORONAVIRUS/,NA,2020-03-31
NA,LOS FELIZ,1,2020-03-22
NA,LOS FELIZ,2,2020-03-23
NA,LOS FELIZ,2,2020-03-24
NA,LOS FELIZ,3,2020-03-25
NA,LOS FELIZ,5,2020-03-26
LOS ANGELES,LOS FELIZ,6,2020-03-27
LOS ANGELES,LOS FELIZ,5,2020-03-28
LOS ANGELES,LOS FELIZ,8,2020-03-29
LOS ANGELES,LOS FELIZ,11,2020-03-30
LOS ANGELES,LOS FELIZ,13,2020-03-31
LOS ANGELES,LOS FELIZ,14,2020-04-01
LOS ANGELES,LOS FELIZ,16,2020-04-02
LOS ANGELES,LOS FELIZ,19,2020-04-03
LOS ANGELES,LOS FELIZ,19,2020-04-04
LOS ANGELES,LOS FELIZ,19,2020-04-05
LOS ANGELES,LOS FELIZ,19,2020-04-06
LOS ANGELES,LOS FELIZ,18,2020-04-07
LOS ANGELES,LOS FELIZ,20,2020-04-08
LOS ANGELES,LOS FELIZ,20,2020-04-09
LOS ANGELES,LOS FELIZ,21,2020-04-10
LOS ANGELES,LOS FELIZ,21,2020-04-11
LOS ANGELES,LOS FELIZ,21,2020-04-12
NA,LYNWOOD,1,2020-03-17
NA,LYNWOOD,1,2020-03-18
NA,LYNWOOD,1,2020-03-19
NA,LYNWOOD,1,2020-03-20
NA,LYNWOOD,1,2020-03-21
NA,LYNWOOD,2,2020-03-22
NA,LYNWOOD,2,2020-03-23
NA,LYNWOOD,2,2020-03-24
NA,LYNWOOD,3,2020-03-25
NA,LYNWOOD,6,2020-03-26
NA,LYNWOOD,8,2020-03-27
NA,LYNWOOD,13,2020-03-28
UNINCORPORATED,LYNWOOD,0,2020-03-28
NA,LYNWOOD,14,2020-03-29
UNINCORPORATED,LYNWOOD,0,2020-03-29
NA,LYNWOOD,16,2020-03-30
UNINCORPORATED,LYNWOOD,0,2020-03-30
NA,LYNWOOD,18,2020-03-31
UNINCORPORATED,LYNWOOD,0,2020-03-31
NA,LYNWOOD,20,2020-04-01
UNINCORPORATED,LYNWOOD,0,2020-04-01
NA,LYNWOOD,21,2020-04-02
UNINCORPORATED,LYNWOOD,0,2020-04-02
NA,LYNWOOD,23,2020-04-03
UNINCORPORATED,LYNWOOD,0,2020-04-03
NA,LYNWOOD,28,2020-04-04
UNINCORPORATED,LYNWOOD,0,2020-04-04
NA,LYNWOOD,37,2020-04-05
UNINCORPORATED,LYNWOOD,0,2020-04-05
NA,LYNWOOD,43,2020-04-06
UNINCORPORATED,LYNWOOD,0,2020-04-06
NA,LYNWOOD,47,2020-04-07
UNINCORPORATED,LYNWOOD,0,2020-04-07
NA,LYNWOOD,51,2020-04-08
UNINCORPORATED,LYNWOOD,0,2020-04-08
NA,LYNWOOD,58,2020-04-09
UNINCORPORATED,LYNWOOD,0,2020-04-09
NA,LYNWOOD,64,2020-04-10
UNINCORPORATED,LYNWOOD,0,2020-04-10
NA,LYNWOOD,68,2020-04-11
UNINCORPORATED,LYNWOOD,0,2020-04-11
NA,LYNWOOD,68,2020-04-12
UNINCORPORATED,LYNWOOD,0,2020-04-12
NA,MALIBU,NA,2020-03-27
NA,MALIBU,NA,2020-03-28
NA,MALIBU,NA,2020-03-29
NA,MALIBU,NA,2020-03-30
NA,MALIBU,NA,2020-03-31
NA,MALIBU,NA,2020-04-01
NA,MALIBU,5,2020-04-02
NA,MALIBU,7,2020-04-03
NA,MALIBU,8,2020-04-04
NA,MALIBU,8,2020-04-05
NA,MALIBU,9,2020-04-06
NA,MALIBU,9,2020-04-07
NA,MALIBU,10,2020-04-08
NA,MALIBU,10,2020-04-09
NA,MALIBU,14,2020-04-10
NA,MALIBU,15,2020-04-11
NA,MALIBU,16,2020-04-12
LOS ANGELES,MANCHESTER SQUARE,NA,2020-03-27
LOS ANGELES,MANCHESTER SQUARE,NA,2020-03-28
LOS ANGELES,MANCHESTER SQUARE,NA,2020-03-29
LOS ANGELES,MANCHESTER SQUARE,NA,2020-03-30
LOS ANGELES,MANCHESTER SQUARE,NA,2020-03-31
LOS ANGELES,MANCHESTER SQUARE,NA,2020-04-01
LOS ANGELES,MANCHESTER SQUARE,NA,2020-04-02
LOS ANGELES,MANCHESTER SQUARE,NA,2020-04-03
LOS ANGELES,MANCHESTER SQUARE,NA,2020-04-04
LOS ANGELES,MANCHESTER SQUARE,NA,2020-04-05
LOS ANGELES,MANCHESTER SQUARE,NA,2020-04-06
LOS ANGELES,MANCHESTER SQUARE,NA,2020-04-07
LOS ANGELES,MANCHESTER SQUARE,NA,2020-04-08
LOS ANGELES,MANCHESTER SQUARE,NA,2020-04-09
LOS ANGELES,MANCHESTER SQUARE,NA,2020-04-10
LOS ANGELES,MANCHESTER SQUARE,NA,2020-04-11
LOS ANGELES,MANCHESTER SQUARE,NA,2020-04-12
LOS ANGELES,MANDEVILLE CANYON,NA,2020-03-27
LOS ANGELES,MANDEVILLE CANYON,NA,2020-03-28
LOS ANGELES,MANDEVILLE CANYON,NA,2020-03-29
LOS ANGELES,MANDEVILLE CANYON,NA,2020-03-30
LOS ANGELES,MANDEVILLE CANYON,NA,2020-03-31
LOS ANGELES,MANDEVILLE CANYON,NA,2020-04-01
LOS ANGELES,MANDEVILLE CANYON,NA,2020-04-02
LOS ANGELES,MANDEVILLE CANYON,NA,2020-04-03
LOS ANGELES,MANDEVILLE CANYON,NA,2020-04-04
LOS ANGELES,MANDEVILLE CANYON,NA,2020-04-05
LOS ANGELES,MANDEVILLE CANYON,NA,2020-04-06
LOS ANGELES,MANDEVILLE CANYON,NA,2020-04-07
LOS ANGELES,MANDEVILLE CANYON,NA,2020-04-08
LOS ANGELES,MANDEVILLE CANYON,NA,2020-04-09
LOS ANGELES,MANDEVILLE CANYON,NA,2020-04-10
LOS ANGELES,MANDEVILLE CANYON,NA,2020-04-11
LOS ANGELES,MANDEVILLE CANYON,NA,2020-04-12
NA,MANHATTAN BEACH,3,2020-03-16
NA,MANHATTAN BEACH,4,2020-03-17
NA,MANHATTAN BEACH,4,2020-03-18
NA,MANHATTAN BEACH,5,2020-03-19
NA,MANHATTAN BEACH,6,2020-03-20
NA,MANHATTAN BEACH,7,2020-03-21
NA,MANHATTAN BEACH,7,2020-03-22
NA,MANHATTAN BEACH,9,2020-03-23
NA,MANHATTAN BEACH,11,2020-03-24
NA,MANHATTAN BEACH,17,2020-03-25
NA,MANHATTAN BEACH,21,2020-03-26
NA,MANHATTAN BEACH,22,2020-03-27
NA,MANHATTAN BEACH,23,2020-03-28
NA,MANHATTAN BEACH,27,2020-03-29
NA,MANHATTAN BEACH,31,2020-03-30
NA,MANHATTAN BEACH,40,2020-03-31
NA,MANHATTAN BEACH,41,2020-04-01
NA,MANHATTAN BEACH,43,2020-04-02
NA,MANHATTAN BEACH,45,2020-04-03
NA,MANHATTAN BEACH,46,2020-04-04
NA,MANHATTAN BEACH,46,2020-04-05
NA,MANHATTAN BEACH,48,2020-04-06
NA,MANHATTAN BEACH,51,2020-04-07
NA,MANHATTAN BEACH,52,2020-04-08
NA,MANHATTAN BEACH,52,2020-04-09
NA,MANHATTAN BEACH,53,2020-04-10
NA,MANHATTAN BEACH,54,2020-04-11
NA,MANHATTAN BEACH,54,2020-04-12
NA,MAR VISTA,1,2020-03-17
LOS ANGELES,MAR VISTA,1,2020-03-18
NA,MAR VISTA,1,2020-03-19
NA,MAR VISTA,3,2020-03-20
NA,MAR VISTA,4,2020-03-21
NA,MAR VISTA,5,2020-03-22
NA,MAR VISTA,6,2020-03-23
NA,MAR VISTA,6,2020-03-24
NA,MAR VISTA,6,2020-03-25
NA,MAR VISTA,8,2020-03-26
LOS ANGELES,MAR VISTA,8,2020-03-27
LOS ANGELES,MAR VISTA,8,2020-03-28
LOS ANGELES,MAR VISTA,9,2020-03-29
LOS ANGELES,MAR VISTA,13,2020-03-30
LOS ANGELES,MAR VISTA,13,2020-03-31
LOS ANGELES,MAR VISTA,18,2020-04-01
LOS ANGELES,MAR VISTA,21,2020-04-02
LOS ANGELES,MAR VISTA,23,2020-04-03
LOS ANGELES,MAR VISTA,24,2020-04-04
LOS ANGELES,MAR VISTA,25,2020-04-05
LOS ANGELES,MAR VISTA,26,2020-04-06
LOS ANGELES,MAR VISTA,28,2020-04-07
LOS ANGELES,MAR VISTA,31,2020-04-08
LOS ANGELES,MAR VISTA,32,2020-04-09
LOS ANGELES,MAR VISTA,34,2020-04-10
LOS ANGELES,MAR VISTA,34,2020-04-11
LOS ANGELES,MAR VISTA,34,2020-04-12
UNINCORPORATED,MARINA DEL REY,NA,2020-03-27
UNINCORPORATED,MARINA DEL REY,NA,2020-03-28
UNINCORPORATED,MARINA DEL REY,NA,2020-03-29
UNINCORPORATED,MARINA DEL REY,NA,2020-03-30
UNINCORPORATED,MARINA DEL REY,5,2020-03-31
UNINCORPORATED,MARINA DEL REY,5,2020-04-01
UNINCORPORATED,MARINA DEL REY,5,2020-04-02
UNINCORPORATED,MARINA DEL REY,5,2020-04-03
UNINCORPORATED,MARINA DEL REY,5,2020-04-04
UNINCORPORATED,MARINA DEL REY,5,2020-04-05
UNINCORPORATED,MARINA DEL REY,5,2020-04-06
UNINCORPORATED,MARINA DEL REY,5,2020-04-07
UNINCORPORATED,MARINA DEL REY,5,2020-04-08
UNINCORPORATED,MARINA DEL REY,5,2020-04-09
UNINCORPORATED,MARINA DEL REY,6,2020-04-10
UNINCORPORATED,MARINA DEL REY,6,2020-04-11
UNINCORPORATED,MARINA DEL REY,6,2020-04-12
LOS ANGELES,MARINA PENINSULA,NA,2020-03-27
LOS ANGELES,MARINA PENINSULA,NA,2020-03-28
LOS ANGELES,MARINA PENINSULA,NA,2020-03-29
LOS ANGELES,MARINA PENINSULA,NA,2020-03-30
LOS ANGELES,MARINA PENINSULA,NA,2020-03-31
LOS ANGELES,MARINA PENINSULA,6,2020-04-01
LOS ANGELES,MARINA PENINSULA,6,2020-04-02
LOS ANGELES,MARINA PENINSULA,6,2020-04-03
LOS ANGELES,MARINA PENINSULA,6,2020-04-04
LOS ANGELES,MARINA PENINSULA,6,2020-04-05
LOS ANGELES,MARINA PENINSULA,7,2020-04-06
LOS ANGELES,MARINA PENINSULA,8,2020-04-07
LOS ANGELES,MARINA PENINSULA,8,2020-04-08
LOS ANGELES,MARINA PENINSULA,8,2020-04-09
LOS ANGELES,MARINA PENINSULA,8,2020-04-10
LOS ANGELES,MARINA PENINSULA,8,2020-04-11
LOS ANGELES,MARINA PENINSULA,8,2020-04-12
NA,MAYWOOD,1,2020-03-26
NA,MAYWOOD,1,2020-03-27
NA,MAYWOOD,2,2020-03-28
NA,MAYWOOD,4,2020-03-29
NA,MAYWOOD,5,2020-03-30
NA,MAYWOOD,6,2020-03-31
NA,MAYWOOD,8,2020-04-01
NA,MAYWOOD,10,2020-04-02
NA,MAYWOOD,10,2020-04-03
NA,MAYWOOD,14,2020-04-04
NA,MAYWOOD,15,2020-04-05
NA,MAYWOOD,17,2020-04-06
NA,MAYWOOD,20,2020-04-07
NA,MAYWOOD,20,2020-04-08
NA,MAYWOOD,25,2020-04-09
NA,MAYWOOD,25,2020-04-10
NA,MAYWOOD,26,2020-04-11
NA,MAYWOOD,26,2020-04-12
NA,MELROSE,2,2020-03-16
NA,MELROSE,9,2020-03-17
LOS ANGELES,MELROSE,10,2020-03-18
NA,MELROSE,11,2020-03-19
NA,MELROSE,11,2020-03-20
NA,MELROSE,12,2020-03-21
NA,MELROSE,17,2020-03-22
NA,MELROSE,19,2020-03-23
NA,MELROSE,26,2020-03-24
NA,MELROSE,33,2020-03-25
NA,MELROSE,47,2020-03-26
LOS ANGELES,MELROSE,49,2020-03-27
LOS ANGELES,MELROSE,56,2020-03-28
LOS ANGELES,MELROSE,71,2020-03-29
LOS ANGELES,MELROSE,82,2020-03-30
LOS ANGELES,MELROSE,100,2020-03-31
LOS ANGELES,MELROSE,104,2020-04-01
LOS ANGELES,MELROSE,113,2020-04-02
LOS ANGELES,MELROSE,121,2020-04-03
LOS ANGELES,MELROSE,129,2020-04-04
LOS ANGELES,MELROSE,140,2020-04-05
LOS ANGELES,MELROSE,147,2020-04-06
LOS ANGELES,MELROSE,164,2020-04-07
LOS ANGELES,MELROSE,168,2020-04-08
LOS ANGELES,MELROSE,184,2020-04-09
LOS ANGELES,MELROSE,192,2020-04-10
LOS ANGELES,MELROSE,194,2020-04-11
LOS ANGELES,MELROSE,199,2020-04-12
LOS ANGELES,MID-CITY,8,2020-03-27
LOS ANGELES,MID-CITY,8,2020-03-28
LOS ANGELES,MID-CITY,9,2020-03-29
LOS ANGELES,MID-CITY,10,2020-03-30
LOS ANGELES,MID-CITY,11,2020-03-31
LOS ANGELES,MID-CITY,13,2020-04-01
LOS ANGELES,MID-CITY,14,2020-04-02
LOS ANGELES,MID-CITY,16,2020-04-03
LOS ANGELES,MID-CITY,17,2020-04-04
LOS ANGELES,MID-CITY,21,2020-04-05
LOS ANGELES,MID-CITY,22,2020-04-06
LOS ANGELES,MID-CITY,21,2020-04-07
LOS ANGELES,MID-CITY,21,2020-04-08
LOS ANGELES,MID-CITY,22,2020-04-09
LOS ANGELES,MID-CITY,23,2020-04-10
LOS ANGELES,MID-CITY,24,2020-04-11
LOS ANGELES,MID-CITY,24,2020-04-12
NA,MIRACLE MILE,1,2020-03-20
NA,MIRACLE MILE,1,2020-03-21
NA,MIRACLE MILE,4,2020-03-22
NA,MIRACLE MILE,5,2020-03-23
NA,MIRACLE MILE,7,2020-03-24
NA,MIRACLE MILE,8,2020-03-25
NA,MIRACLE MILE,13,2020-03-26
LOS ANGELES,MIRACLE MILE,7,2020-03-27
LOS ANGELES,MIRACLE MILE,8,2020-03-28
UNINCORPORATED,MIRACLE MILE,0,2020-03-28
LOS ANGELES,MIRACLE MILE,9,2020-03-29
UNINCORPORATED,MIRACLE MILE,0,2020-03-29
LOS ANGELES,MIRACLE MILE,10,2020-03-30
UNINCORPORATED,MIRACLE MILE,0,2020-03-30
LOS ANGELES,MIRACLE MILE,12,2020-03-31
UNINCORPORATED,MIRACLE MILE,0,2020-03-31
LOS ANGELES,MIRACLE MILE,12,2020-04-01
UNINCORPORATED,MIRACLE MILE,0,2020-04-01
LOS ANGELES,MIRACLE MILE,12,2020-04-02
UNINCORPORATED,MIRACLE MILE,0,2020-04-02
LOS ANGELES,MIRACLE MILE,13,2020-04-03
UNINCORPORATED,MIRACLE MILE,0,2020-04-03
LOS ANGELES,MIRACLE MILE,15,2020-04-04
UNINCORPORATED,MIRACLE MILE,0,2020-04-04
LOS ANGELES,MIRACLE MILE,17,2020-04-05
UNINCORPORATED,MIRACLE MILE,0,2020-04-05
LOS ANGELES,MIRACLE MILE,17,2020-04-06
UNINCORPORATED,MIRACLE MILE,0,2020-04-06
LOS ANGELES,MIRACLE MILE,18,2020-04-07
UNINCORPORATED,MIRACLE MILE,0,2020-04-07
LOS ANGELES,MIRACLE MILE,19,2020-04-08
UNINCORPORATED,MIRACLE MILE,0,2020-04-08
LOS ANGELES,MIRACLE MILE,18,2020-04-09
UNINCORPORATED,MIRACLE MILE,0,2020-04-09
LOS ANGELES,MIRACLE MILE,19,2020-04-10
UNINCORPORATED,MIRACLE MILE,0,2020-04-10
LOS ANGELES,MIRACLE MILE,19,2020-04-11
UNINCORPORATED,MIRACLE MILE,0,2020-04-11
LOS ANGELES,MIRACLE MILE,20,2020-04-12
UNINCORPORATED,MIRACLE MILE,0,2020-04-12
LOS ANGELES,MISSION HILLS,NA,2020-03-27
LOS ANGELES,MISSION HILLS,5,2020-03-28
LOS ANGELES,MISSION HILLS,5,2020-03-29
LOS ANGELES,MISSION HILLS,6,2020-03-30
LOS ANGELES,MISSION HILLS,6,2020-03-31
LOS ANGELES,MISSION HILLS,6,2020-04-01
LOS ANGELES,MISSION HILLS,6,2020-04-02
LOS ANGELES,MISSION HILLS,8,2020-04-03
LOS ANGELES,MISSION HILLS,11,2020-04-04
LOS ANGELES,MISSION HILLS,12,2020-04-05
LOS ANGELES,MISSION HILLS,12,2020-04-06
LOS ANGELES,MISSION HILLS,12,2020-04-07
LOS ANGELES,MISSION HILLS,13,2020-04-08
LOS ANGELES,MISSION HILLS,14,2020-04-09
LOS ANGELES,MISSION HILLS,16,2020-04-10
LOS ANGELES,MISSION HILLS,20,2020-04-11
LOS ANGELES,MISSION HILLS,21,2020-04-12
NA,MONROVIA,2,2020-03-26
NA,MONROVIA,4,2020-03-27
UNINCORPORATED,MONROVIA,NA,2020-03-27
NA,MONROVIA,4,2020-03-28
UNINCORPORATED,MONROVIA,NA,2020-03-28
NA,MONROVIA,4,2020-03-29
UNINCORPORATED,MONROVIA,NA,2020-03-29
NA,MONROVIA,4,2020-03-30
UNINCORPORATED,MONROVIA,NA,2020-03-30
NA,MONROVIA,5,2020-03-31
UNINCORPORATED,MONROVIA,NA,2020-03-31
NA,MONROVIA,7,2020-04-01
UNINCORPORATED,MONROVIA,NA,2020-04-01
NA,MONROVIA,7,2020-04-02
UNINCORPORATED,MONROVIA,NA,2020-04-02
NA,MONROVIA,8,2020-04-03
UNINCORPORATED,MONROVIA,NA,2020-04-03
NA,MONROVIA,9,2020-04-04
UNINCORPORATED,MONROVIA,NA,2020-04-04
NA,MONROVIA,11,2020-04-05
UNINCORPORATED,MONROVIA,NA,2020-04-05
NA,MONROVIA,12,2020-04-06
UNINCORPORATED,MONROVIA,5,2020-04-06
NA,MONROVIA,13,2020-04-07
UNINCORPORATED,MONROVIA,5,2020-04-07
NA,MONROVIA,13,2020-04-08
UNINCORPORATED,MONROVIA,5,2020-04-08
NA,MONROVIA,12,2020-04-09
UNINCORPORATED,MONROVIA,5,2020-04-09
NA,MONROVIA,12,2020-04-10
UNINCORPORATED,MONROVIA,5,2020-04-10
NA,MONROVIA,13,2020-04-11
UNINCORPORATED,MONROVIA,5,2020-04-11
NA,MONROVIA,13,2020-04-12
UNINCORPORATED,MONROVIA,5,2020-04-12
NA,MONTEBELLO,1,2020-03-21
NA,MONTEBELLO,1,2020-03-26
NA,MONTEBELLO,2,2020-03-27
NA,MONTEBELLO,3,2020-03-28
NA,MONTEBELLO,4,2020-03-29
NA,MONTEBELLO,4,2020-03-30
NA,MONTEBELLO,5,2020-03-31
NA,MONTEBELLO,7,2020-04-01
NA,MONTEBELLO,9,2020-04-02
NA,MONTEBELLO,10,2020-04-03
NA,MONTEBELLO,11,2020-04-04
NA,MONTEBELLO,17,2020-04-05
NA,MONTEBELLO,20,2020-04-06
NA,MONTEBELLO,27,2020-04-07
NA,MONTEBELLO,30,2020-04-08
NA,MONTEBELLO,39,2020-04-09
NA,MONTEBELLO,46,2020-04-10
NA,MONTEBELLO,49,2020-04-11
NA,MONTEBELLO,53,2020-04-12
NA,MONTEREY PARK,1,2020-03-17
NA,MONTEREY PARK,2,2020-03-18
NA,MONTEREY PARK,2,2020-03-19
NA,MONTEREY PARK,2,2020-03-20
NA,MONTEREY PARK,3,2020-03-21
NA,MONTEREY PARK,3,2020-03-22
NA,MONTEREY PARK,3,2020-03-23
NA,MONTEREY PARK,3,2020-03-24
NA,MONTEREY PARK,4,2020-03-25
NA,MONTEREY PARK,4,2020-03-26
NA,MONTEREY PARK,4,2020-03-27
NA,MONTEREY PARK,5,2020-03-28
NA,MONTEREY PARK,5,2020-03-29
NA,MONTEREY PARK,5,2020-03-30
NA,MONTEREY PARK,7,2020-03-31
NA,MONTEREY PARK,9,2020-04-01
NA,MONTEREY PARK,11,2020-04-02
NA,MONTEREY PARK,12,2020-04-03
NA,MONTEREY PARK,15,2020-04-04
NA,MONTEREY PARK,15,2020-04-05
NA,MONTEREY PARK,19,2020-04-06
NA,MONTEREY PARK,21,2020-04-07
NA,MONTEREY PARK,23,2020-04-08
NA,MONTEREY PARK,28,2020-04-09
NA,MONTEREY PARK,29,2020-04-10
NA,MONTEREY PARK,30,2020-04-11
NA,MONTEREY PARK,31,2020-04-12
NA,MT. WASHINGTON,1,2020-03-24
NA,MT. WASHINGTON,2,2020-03-25
NA,MT. WASHINGTON,3,2020-03-26
LOS ANGELES,MT. WASHINGTON,NA,2020-03-27
LOS ANGELES,MT. WASHINGTON,NA,2020-03-28
LOS ANGELES,MT. WASHINGTON,NA,2020-03-29
LOS ANGELES,MT. WASHINGTON,NA,2020-03-30
LOS ANGELES,MT. WASHINGTON,NA,2020-03-31
LOS ANGELES,MT. WASHINGTON,NA,2020-04-01
LOS ANGELES,MT. WASHINGTON,NA,2020-04-02
LOS ANGELES,MT. WASHINGTON,6,2020-04-03
LOS ANGELES,MT. WASHINGTON,8,2020-04-04
LOS ANGELES,MT. WASHINGTON,8,2020-04-05
LOS ANGELES,MT. WASHINGTON,9,2020-04-06
LOS ANGELES,MT. WASHINGTON,10,2020-04-07
LOS ANGELES,MT. WASHINGTON,11,2020-04-08
LOS ANGELES,MT. WASHINGTON,12,2020-04-09
LOS ANGELES,MT. WASHINGTON,12,2020-04-10
LOS ANGELES,MT. WASHINGTON,13,2020-04-11
LOS ANGELES,MT. WASHINGTON,13,2020-04-12
UNINCORPORATED,NEWHALL,0,2020-03-27
UNINCORPORATED,NEWHALL,0,2020-03-28
UNINCORPORATED,NEWHALL,0,2020-03-29
UNINCORPORATED,NEWHALL,0,2020-03-30
UNINCORPORATED,NEWHALL,0,2020-03-31
UNINCORPORATED,NEWHALL,0,2020-04-01
UNINCORPORATED,NEWHALL,0,2020-04-02
UNINCORPORATED,NEWHALL,0,2020-04-03
UNINCORPORATED,NEWHALL,0,2020-04-04
UNINCORPORATED,NEWHALL,0,2020-04-05
UNINCORPORATED,NEWHALL,0,2020-04-06
UNINCORPORATED,NEWHALL,0,2020-04-07
UNINCORPORATED,NEWHALL,0,2020-04-08
UNINCORPORATED,NEWHALL,0,2020-04-09
UNINCORPORATED,NEWHALL,0,2020-04-10
UNINCORPORATED,NEWHALL,0,2020-04-11
UNINCORPORATED,NEWHALL,0,2020-04-12
NA,NORTH HILLS,1,2020-03-26
LOS ANGELES,NORTH HILLS,1,2020-03-27
LOS ANGELES,NORTH HILLS,2,2020-03-28
LOS ANGELES,NORTH HILLS,6,2020-03-29
LOS ANGELES,NORTH HILLS,7,2020-03-30
LOS ANGELES,NORTH HILLS,9,2020-03-31
LOS ANGELES,NORTH HILLS,11,2020-04-01
LOS ANGELES,NORTH HILLS,13,2020-04-02
LOS ANGELES,NORTH HILLS,16,2020-04-03
LOS ANGELES,NORTH HILLS,21,2020-04-04
LOS ANGELES,NORTH HILLS,22,2020-04-05
LOS ANGELES,NORTH HILLS,28,2020-04-06
LOS ANGELES,NORTH HILLS,31,2020-04-07
LOS ANGELES,NORTH HILLS,33,2020-04-08
LOS ANGELES,NORTH HILLS,37,2020-04-09
LOS ANGELES,NORTH HILLS,39,2020-04-10
LOS ANGELES,NORTH HILLS,41,2020-04-11
LOS ANGELES,NORTH HILLS,45,2020-04-12
NA,NORTH HOLLYWOOD,1,2020-03-17
LOS ANGELES,NORTH HOLLYWOOD,2,2020-03-18
NA,NORTH HOLLYWOOD,3,2020-03-19
NA,NORTH HOLLYWOOD,5,2020-03-20
NA,NORTH HOLLYWOOD,5,2020-03-21
NA,NORTH HOLLYWOOD,5,2020-03-22
NA,NORTH HOLLYWOOD,9,2020-03-23
NA,NORTH HOLLYWOOD,10,2020-03-24
NA,NORTH HOLLYWOOD,11,2020-03-25
NA,NORTH HOLLYWOOD,15,2020-03-26
LOS ANGELES,NORTH HOLLYWOOD,18,2020-03-27
LOS ANGELES,NORTH HOLLYWOOD,26,2020-03-28
LOS ANGELES,NORTH HOLLYWOOD,30,2020-03-29
LOS ANGELES,NORTH HOLLYWOOD,34,2020-03-30
LOS ANGELES,NORTH HOLLYWOOD,39,2020-03-31
LOS ANGELES,NORTH HOLLYWOOD,45,2020-04-01
LOS ANGELES,NORTH HOLLYWOOD,57,2020-04-02
LOS ANGELES,NORTH HOLLYWOOD,67,2020-04-03
LOS ANGELES,NORTH HOLLYWOOD,86,2020-04-04
LOS ANGELES,NORTH HOLLYWOOD,91,2020-04-05
LOS ANGELES,NORTH HOLLYWOOD,90,2020-04-06
LOS ANGELES,NORTH HOLLYWOOD,98,2020-04-07
LOS ANGELES,NORTH HOLLYWOOD,103,2020-04-08
LOS ANGELES,NORTH HOLLYWOOD,108,2020-04-09
LOS ANGELES,NORTH HOLLYWOOD,113,2020-04-10
LOS ANGELES,NORTH HOLLYWOOD,119,2020-04-11
LOS ANGELES,NORTH HOLLYWOOD,121,2020-04-12
UNINCORPORATED,NORTH LANCASTER,0,2020-03-27
UNINCORPORATED,NORTH LANCASTER,0,2020-03-28
UNINCORPORATED,NORTH LANCASTER,0,2020-03-29
UNINCORPORATED,NORTH LANCASTER,0,2020-03-30
UNINCORPORATED,NORTH LANCASTER,0,2020-03-31
UNINCORPORATED,NORTH LANCASTER,0,2020-04-01
UNINCORPORATED,NORTH LANCASTER,0,2020-04-02
UNINCORPORATED,NORTH LANCASTER,0,2020-04-03
UNINCORPORATED,NORTH LANCASTER,0,2020-04-04
UNINCORPORATED,NORTH LANCASTER,0,2020-04-05
UNINCORPORATED,NORTH LANCASTER,0,2020-04-06
UNINCORPORATED,NORTH LANCASTER,0,2020-04-07
UNINCORPORATED,NORTH LANCASTER,0,2020-04-08
UNINCORPORATED,NORTH LANCASTER,0,2020-04-09
UNINCORPORATED,NORTH LANCASTER,0,2020-04-10
UNINCORPORATED,NORTH LANCASTER,0,2020-04-11
UNINCORPORATED,NORTH LANCASTER,0,2020-04-12
UNINCORPORATED,NORTH WHITTIER,0,2020-03-27
UNINCORPORATED,NORTH WHITTIER,0,2020-03-28
UNINCORPORATED,NORTH WHITTIER,0,2020-03-29
UNINCORPORATED,NORTH WHITTIER,NA,2020-03-30
UNINCORPORATED,NORTH WHITTIER,NA,2020-03-31
UNINCORPORATED,NORTH WHITTIER,NA,2020-04-01
UNINCORPORATED,NORTH WHITTIER,NA,2020-04-02
UNINCORPORATED,NORTH WHITTIER,NA,2020-04-03
UNINCORPORATED,NORTH WHITTIER,NA,2020-04-04
UNINCORPORATED,NORTH WHITTIER,NA,2020-04-05
UNINCORPORATED,NORTH WHITTIER,NA,2020-04-06
UNINCORPORATED,NORTH WHITTIER,NA,2020-04-07
UNINCORPORATED,NORTH WHITTIER,NA,2020-04-08
UNINCORPORATED,NORTH WHITTIER,NA,2020-04-09
UNINCORPORATED,NORTH WHITTIER,NA,2020-04-10
UNINCORPORATED,NORTH WHITTIER,NA,2020-04-11
UNINCORPORATED,NORTH WHITTIER,NA,2020-04-12
UNINCORPORATED,NORTHEAST SAN GABRIEL,0,2020-03-27
UNINCORPORATED,NORTHEAST SAN GABRIEL,0,2020-03-28
UNINCORPORATED,NORTHEAST SAN GABRIEL,0,2020-03-29
UNINCORPORATED,NORTHEAST SAN GABRIEL,0,2020-03-30
UNINCORPORATED,NORTHEAST SAN GABRIEL,0,2020-03-31
UNINCORPORATED,NORTHEAST SAN GABRIEL,NA,2020-04-01
UNINCORPORATED,NORTHEAST SAN GABRIEL,NA,2020-04-02
UNINCORPORATED,NORTHEAST SAN GABRIEL,NA,2020-04-03
UNINCORPORATED,NORTHEAST SAN GABRIEL,NA,2020-04-04
UNINCORPORATED,NORTHEAST SAN GABRIEL,NA,2020-04-05
UNINCORPORATED,NORTHEAST SAN GABRIEL,NA,2020-04-06
UNINCORPORATED,NORTHEAST SAN GABRIEL,5,2020-04-07
UNINCORPORATED,NORTHEAST SAN GABRIEL,5,2020-04-08
UNINCORPORATED,NORTHEAST SAN GABRIEL,5,2020-04-09
UNINCORPORATED,NORTHEAST SAN GABRIEL,6,2020-04-10
UNINCORPORATED,NORTHEAST SAN GABRIEL,6,2020-04-11
UNINCORPORATED,NORTHEAST SAN GABRIEL,6,2020-04-12
NA,NORTHRIDGE,1,2020-03-16
NA,NORTHRIDGE,1,2020-03-17
LOS ANGELES,NORTHRIDGE,1,2020-03-18
NA,NORTHRIDGE,1,2020-03-19
NA,NORTHRIDGE,1,2020-03-20
NA,NORTHRIDGE,1,2020-03-21
NA,NORTHRIDGE,1,2020-03-22
NA,NORTHRIDGE,1,2020-03-23
NA,NORTHRIDGE,2,2020-03-24
NA,NORTHRIDGE,2,2020-03-25
NA,NORTHRIDGE,4,2020-03-26
LOS ANGELES,NORTHRIDGE,7,2020-03-27
LOS ANGELES,NORTHRIDGE,8,2020-03-28
LOS ANGELES,NORTHRIDGE,8,2020-03-29
LOS ANGELES,NORTHRIDGE,8,2020-03-30
LOS ANGELES,NORTHRIDGE,9,2020-03-31
LOS ANGELES,NORTHRIDGE,12,2020-04-01
LOS ANGELES,NORTHRIDGE,14,2020-04-02
LOS ANGELES,NORTHRIDGE,17,2020-04-03
LOS ANGELES,NORTHRIDGE,21,2020-04-04
LOS ANGELES,NORTHRIDGE,23,2020-04-05
LOS ANGELES,NORTHRIDGE,22,2020-04-06
LOS ANGELES,NORTHRIDGE,25,2020-04-07
LOS ANGELES,NORTHRIDGE,30,2020-04-08
LOS ANGELES,NORTHRIDGE,33,2020-04-09
LOS ANGELES,NORTHRIDGE,37,2020-04-10
LOS ANGELES,NORTHRIDGE,41,2020-04-11
LOS ANGELES,NORTHRIDGE,46,2020-04-12
NA,NORWALK,1,2020-03-24
NA,NORWALK,2,2020-03-25
NA,NORWALK,9,2020-03-26
NA,NORWALK,9,2020-03-27
NA,NORWALK,12,2020-03-28
NA,NORWALK,12,2020-03-29
NA,NORWALK,15,2020-03-30
NA,NORWALK,21,2020-03-31
NA,NORWALK,21,2020-04-01
NA,NORWALK,26,2020-04-02
NA,NORWALK,30,2020-04-03
NA,NORWALK,38,2020-04-04
NA,NORWALK,49,2020-04-05
NA,NORWALK,50,2020-04-06
NA,NORWALK,55,2020-04-07
NA,NORWALK,58,2020-04-08
NA,NORWALK,64,2020-04-09
NA,NORWALK,69,2020-04-10
NA,NORWALK,74,2020-04-11
NA,NORWALK,76,2020-04-12
NA,PACIFIC PALISADES,5,2020-03-19
NA,PACIFIC PALISADES,6,2020-03-20
NA,PACIFIC PALISADES,7,2020-03-21
NA,PACIFIC PALISADES,7,2020-03-22
NA,PACIFIC PALISADES,8,2020-03-23
NA,PACIFIC PALISADES,9,2020-03-24
NA,PACIFIC PALISADES,9,2020-03-25
NA,PACIFIC PALISADES,12,2020-03-26
LOS ANGELES,PACIFIC PALISADES,10,2020-03-27
LOS ANGELES,PACIFIC PALISADES,11,2020-03-28
LOS ANGELES,PACIFIC PALISADES,15,2020-03-29
LOS ANGELES,PACIFIC PALISADES,18,2020-03-30
LOS ANGELES,PACIFIC PALISADES,22,2020-03-31
LOS ANGELES,PACIFIC PALISADES,23,2020-04-01
LOS ANGELES,PACIFIC PALISADES,24,2020-04-02
LOS ANGELES,PACIFIC PALISADES,25,2020-04-03
LOS ANGELES,PACIFIC PALISADES,26,2020-04-04
LOS ANGELES,PACIFIC PALISADES,26,2020-04-05
LOS ANGELES,PACIFIC PALISADES,26,2020-04-06
LOS ANGELES,PACIFIC PALISADES,30,2020-04-07
LOS ANGELES,PACIFIC PALISADES,31,2020-04-08
LOS ANGELES,PACIFIC PALISADES,31,2020-04-09
LOS ANGELES,PACIFIC PALISADES,31,2020-04-10
LOS ANGELES,PACIFIC PALISADES,31,2020-04-11
LOS ANGELES,PACIFIC PALISADES,32,2020-04-12
NA,PACOIMA,1,2020-03-26
LOS ANGELES,PACOIMA,2,2020-03-27
LOS ANGELES,PACOIMA,3,2020-03-28
LOS ANGELES,PACOIMA,3,2020-03-29
LOS ANGELES,PACOIMA,4,2020-03-30
LOS ANGELES,PACOIMA,5,2020-03-31
LOS ANGELES,PACOIMA,7,2020-04-01
LOS ANGELES,PACOIMA,8,2020-04-02
LOS ANGELES,PACOIMA,16,2020-04-03
LOS ANGELES,PACOIMA,22,2020-04-04
LOS ANGELES,PACOIMA,30,2020-04-05
LOS ANGELES,PACOIMA,31,2020-04-06
LOS ANGELES,PACOIMA,39,2020-04-07
LOS ANGELES,PACOIMA,44,2020-04-08
LOS ANGELES,PACOIMA,46,2020-04-09
LOS ANGELES,PACOIMA,49,2020-04-10
LOS ANGELES,PACOIMA,52,2020-04-11
LOS ANGELES,PACOIMA,54,2020-04-12
UNINCORPORATED,PADUA HILLS,0,2020-03-27
UNINCORPORATED,PADUA HILLS,0,2020-03-28
UNINCORPORATED,PADUA HILLS,0,2020-03-29
UNINCORPORATED,PADUA HILLS,0,2020-03-30
UNINCORPORATED,PADUA HILLS,0,2020-03-31
UNINCORPORATED,PADUA HILLS,0,2020-04-01
UNINCORPORATED,PADUA HILLS,0,2020-04-02
UNINCORPORATED,PADUA HILLS,0,2020-04-03
UNINCORPORATED,PADUA HILLS,0,2020-04-04
UNINCORPORATED,PADUA HILLS,0,2020-04-05
UNINCORPORATED,PADUA HILLS,0,2020-04-06
UNINCORPORATED,PADUA HILLS,0,2020-04-07
LOS ANGELES,PALISADES HIGHLANDS,0,2020-03-27
LOS ANGELES,PALISADES HIGHLANDS,0,2020-03-28
LOS ANGELES,PALISADES HIGHLANDS,NA,2020-03-29
LOS ANGELES,PALISADES HIGHLANDS,NA,2020-03-30
LOS ANGELES,PALISADES HIGHLANDS,NA,2020-03-31
LOS ANGELES,PALISADES HIGHLANDS,NA,2020-04-01
LOS ANGELES,PALISADES HIGHLANDS,NA,2020-04-02
LOS ANGELES,PALISADES HIGHLANDS,NA,2020-04-03
LOS ANGELES,PALISADES HIGHLANDS,NA,2020-04-04
LOS ANGELES,PALISADES HIGHLANDS,NA,2020-04-05
LOS ANGELES,PALISADES HIGHLANDS,NA,2020-04-06
LOS ANGELES,PALISADES HIGHLANDS,NA,2020-04-07
LOS ANGELES,PALISADES HIGHLANDS,NA,2020-04-08
LOS ANGELES,PALISADES HIGHLANDS,NA,2020-04-09
LOS ANGELES,PALISADES HIGHLANDS,NA,2020-04-10
LOS ANGELES,PALISADES HIGHLANDS,NA,2020-04-11
LOS ANGELES,PALISADES HIGHLANDS,NA,2020-04-12
NA,PALMDALE,1,2020-03-23
NA,PALMDALE,2,2020-03-24
NA,PALMDALE,2,2020-03-25
NA,PALMDALE,2,2020-03-26
NA,PALMDALE,4,2020-03-27
UNINCORPORATED,PALMDALE,0,2020-03-27
NA,PALMDALE,6,2020-03-28
UNINCORPORATED,PALMDALE,0,2020-03-28
NA,PALMDALE,7,2020-03-29
UNINCORPORATED,PALMDALE,0,2020-03-29
NA,PALMDALE,9,2020-03-30
UNINCORPORATED,PALMDALE,0,2020-03-30
NA,PALMDALE,14,2020-03-31
UNINCORPORATED,PALMDALE,0,2020-03-31
NA,PALMDALE,18,2020-04-01
UNINCORPORATED,PALMDALE,0,2020-04-01
NA,PALMDALE,20,2020-04-02
UNINCORPORATED,PALMDALE,0,2020-04-02
NA,PALMDALE,27,2020-04-03
UNINCORPORATED,PALMDALE,0,2020-04-03
NA,PALMDALE,31,2020-04-04
UNINCORPORATED,PALMDALE,0,2020-04-04
NA,PALMDALE,37,2020-04-05
UNINCORPORATED,PALMDALE,0,2020-04-05
NA,PALMDALE,46,2020-04-06
UNINCORPORATED,PALMDALE,0,2020-04-06
NA,PALMDALE,53,2020-04-07
UNINCORPORATED,PALMDALE,0,2020-04-07
NA,PALMDALE,65,2020-04-08
UNINCORPORATED,PALMDALE,0,2020-04-08
NA,PALMDALE,77,2020-04-09
UNINCORPORATED,PALMDALE,0,2020-04-09
NA,PALMDALE,88,2020-04-10
UNINCORPORATED,PALMDALE,0,2020-04-10
NA,PALMDALE,89,2020-04-11
UNINCORPORATED,PALMDALE,0,2020-04-11
NA,PALMDALE,99,2020-04-12
UNINCORPORATED,PALMDALE,0,2020-04-12
NA,PALMS,1,2020-03-19
NA,PALMS,1,2020-03-20
NA,PALMS,1,2020-03-21
NA,PALMS,1,2020-03-22
NA,PALMS,2,2020-03-23
NA,PALMS,6,2020-03-24
NA,PALMS,8,2020-03-25
NA,PALMS,10,2020-03-26
LOS ANGELES,PALMS,12,2020-03-27
LOS ANGELES,PALMS,15,2020-03-28
LOS ANGELES,PALMS,20,2020-03-29
LOS ANGELES,PALMS,21,2020-03-30
LOS ANGELES,PALMS,25,2020-03-31
LOS ANGELES,PALMS,27,2020-04-01
LOS ANGELES,PALMS,28,2020-04-02
LOS ANGELES,PALMS,33,2020-04-03
LOS ANGELES,PALMS,39,2020-04-04
LOS ANGELES,PALMS,41,2020-04-05
LOS ANGELES,PALMS,46,2020-04-06
LOS ANGELES,PALMS,48,2020-04-07
LOS ANGELES,PALMS,50,2020-04-08
LOS ANGELES,PALMS,51,2020-04-09
LOS ANGELES,PALMS,62,2020-04-10
LOS ANGELES,PALMS,67,2020-04-11
LOS ANGELES,PALMS,67,2020-04-12
NA,PALOS VERDES ESTATES,12,2020-03-27
NA,PALOS VERDES ESTATES,14,2020-03-28
NA,PALOS VERDES ESTATES,14,2020-03-29
NA,PALOS VERDES ESTATES,14,2020-03-30
NA,PALOS VERDES ESTATES,14,2020-03-31
NA,PALOS VERDES ESTATES,15,2020-04-01
NA,PALOS VERDES ESTATES,18,2020-04-02
NA,PALOS VERDES ESTATES,19,2020-04-03
NA,PALOS VERDES ESTATES,21,2020-04-04
NA,PALOS VERDES ESTATES,23,2020-04-05
NA,PALOS VERDES ESTATES,25,2020-04-06
NA,PALOS VERDES ESTATES,28,2020-04-07
NA,PALOS VERDES ESTATES,30,2020-04-08
NA,PALOS VERDES ESTATES,31,2020-04-09
NA,PALOS VERDES ESTATES,32,2020-04-10
NA,PALOS VERDES ESTATES,32,2020-04-11
NA,PALOS VERDES ESTATES,35,2020-04-12
UNINCORPORATED,PALOS VERDES PENINSULA,0,2020-03-27
UNINCORPORATED,PALOS VERDES PENINSULA,0,2020-03-28
UNINCORPORATED,PALOS VERDES PENINSULA,0,2020-03-29
UNINCORPORATED,PALOS VERDES PENINSULA,0,2020-03-30
UNINCORPORATED,PALOS VERDES PENINSULA,0,2020-03-31
UNINCORPORATED,PALOS VERDES PENINSULA,0,2020-04-01
UNINCORPORATED,PALOS VERDES PENINSULA,0,2020-04-02
UNINCORPORATED,PALOS VERDES PENINSULA,0,2020-04-03
UNINCORPORATED,PALOS VERDES PENINSULA,0,2020-04-04
UNINCORPORATED,PALOS VERDES PENINSULA,0,2020-04-05
UNINCORPORATED,PALOS VERDES PENINSULA,0,2020-04-06
UNINCORPORATED,PALOS VERDES PENINSULA,0,2020-04-07
UNINCORPORATED,PALOS VERDES PENINSULA,0,2020-04-08
UNINCORPORATED,PALOS VERDES PENINSULA,0,2020-04-09
UNINCORPORATED,PALOS VERDES PENINSULA,0,2020-04-10
UNINCORPORATED,PALOS VERDES PENINSULA,0,2020-04-11
UNINCORPORATED,PALOS VERDES PENINSULA,0,2020-04-12
NA,PANORAMA CITY,1,2020-03-25
NA,PANORAMA CITY,4,2020-03-26
LOS ANGELES,PANORAMA CITY,4,2020-03-27
LOS ANGELES,PANORAMA CITY,4,2020-03-28
LOS ANGELES,PANORAMA CITY,6,2020-03-29
LOS ANGELES,PANORAMA CITY,7,2020-03-30
LOS ANGELES,PANORAMA CITY,7,2020-03-31
LOS ANGELES,PANORAMA CITY,11,2020-04-01
LOS ANGELES,PANORAMA CITY,16,2020-04-02
LOS ANGELES,PANORAMA CITY,19,2020-04-03
LOS ANGELES,PANORAMA CITY,27,2020-04-04
LOS ANGELES,PANORAMA CITY,33,2020-04-05
LOS ANGELES,PANORAMA CITY,38,2020-04-06
LOS ANGELES,PANORAMA CITY,49,2020-04-07
LOS ANGELES,PANORAMA CITY,51,2020-04-08
LOS ANGELES,PANORAMA CITY,53,2020-04-09
LOS ANGELES,PANORAMA CITY,58,2020-04-10
LOS ANGELES,PANORAMA CITY,60,2020-04-11
LOS ANGELES,PANORAMA CITY,65,2020-04-12
NA,PARAMOUNT,1,2020-03-22
NA,PARAMOUNT,2,2020-03-23
NA,PARAMOUNT,2,2020-03-24
NA,PARAMOUNT,3,2020-03-25
NA,PARAMOUNT,4,2020-03-26
NA,PARAMOUNT,5,2020-03-27
NA,PARAMOUNT,5,2020-03-28
NA,PARAMOUNT,6,2020-03-29
NA,PARAMOUNT,7,2020-03-30
NA,PARAMOUNT,8,2020-03-31
NA,PARAMOUNT,10,2020-04-01
NA,PARAMOUNT,13,2020-04-02
NA,PARAMOUNT,17,2020-04-03
NA,PARAMOUNT,19,2020-04-04
NA,PARAMOUNT,23,2020-04-05
NA,PARAMOUNT,26,2020-04-06
NA,PARAMOUNT,27,2020-04-07
NA,PARAMOUNT,28,2020-04-08
NA,PARAMOUNT,34,2020-04-09
NA,PARAMOUNT,36,2020-04-10
NA,PARAMOUNT,38,2020-04-11
NA,PARAMOUNT,38,2020-04-12
NA,PARK LA BREA,4,2020-03-20
NA,PARK LA BREA,4,2020-03-21
NA,PARK LA BREA,4,2020-03-22
NA,PARK LA BREA,6,2020-03-23
NA,PARK LA BREA,8,2020-03-24
NA,PARK LA BREA,8,2020-03-25
NA,PARK LA BREA,8,2020-03-26
LOS ANGELES,PARK LA BREA,NA,2020-03-27
LOS ANGELES,PARK LA BREA,NA,2020-03-28
LOS ANGELES,PARK LA BREA,NA,2020-03-29
LOS ANGELES,PARK LA BREA,NA,2020-03-30
LOS ANGELES,PARK LA BREA,NA,2020-03-31
LOS ANGELES,PARK LA BREA,5,2020-04-01
LOS ANGELES,PARK LA BREA,6,2020-04-02
LOS ANGELES,PARK LA BREA,6,2020-04-03
LOS ANGELES,PARK LA BREA,6,2020-04-04
LOS ANGELES,PARK LA BREA,8,2020-04-05
LOS ANGELES,PARK LA BREA,9,2020-04-06
LOS ANGELES,PARK LA BREA,9,2020-04-07
LOS ANGELES,PARK LA BREA,9,2020-04-08
LOS ANGELES,PARK LA BREA,9,2020-04-09
LOS ANGELES,PARK LA BREA,9,2020-04-10
LOS ANGELES,PARK LA BREA,9,2020-04-11
LOS ANGELES,PARK LA BREA,9,2020-04-12
NA,PARK LABREA,3,2020-03-19
UNINCORPORATED,PEARBLOSSOM/LLANO,0,2020-03-27
UNINCORPORATED,PEARBLOSSOM/LLANO,0,2020-03-28
UNINCORPORATED,PEARBLOSSOM/LLANO,0,2020-03-29
UNINCORPORATED,PEARBLOSSOM/LLANO,0,2020-03-30
UNINCORPORATED,PEARBLOSSOM/LLANO,0,2020-03-31
UNINCORPORATED,PEARBLOSSOM/LLANO,0,2020-04-01
UNINCORPORATED,PEARBLOSSOM/LLANO,0,2020-04-02
UNINCORPORATED,PEARBLOSSOM/LLANO,0,2020-04-03
UNINCORPORATED,PEARBLOSSOM/LLANO,0,2020-04-04
UNINCORPORATED,PEARBLOSSOM/LLANO,0,2020-04-05
UNINCORPORATED,PEARBLOSSOM/LLANO,0,2020-04-06
UNINCORPORATED,PEARBLOSSOM/LLANO,0,2020-04-07
UNINCORPORATED,PEARBLOSSOM/LLANO,0,2020-04-08
UNINCORPORATED,PEARBLOSSOM/LLANO,0,2020-04-09
UNINCORPORATED,PEARBLOSSOM/LLANO,0,2020-04-10
UNINCORPORATED,PEARBLOSSOM/LLANO,0,2020-04-11
UNINCORPORATED,PEARBLOSSOM/LLANO,0,2020-04-12
UNINCORPORATED,PELLISSIER VILLAGE,0,2020-03-27
UNINCORPORATED,PELLISSIER VILLAGE,0,2020-03-28
UNINCORPORATED,PELLISSIER VILLAGE,0,2020-03-29
UNINCORPORATED,PELLISSIER VILLAGE,0,2020-03-30
UNINCORPORATED,PELLISSIER VILLAGE,0,2020-03-31
UNINCORPORATED,PELLISSIER VILLAGE,0,2020-04-01
UNINCORPORATED,PELLISSIER VILLAGE,0,2020-04-02
UNINCORPORATED,PELLISSIER VILLAGE,0,2020-04-03
UNINCORPORATED,PELLISSIER VILLAGE,0,2020-04-04
UNINCORPORATED,PELLISSIER VILLAGE,0,2020-04-05
UNINCORPORATED,PELLISSIER VILLAGE,0,2020-04-06
UNINCORPORATED,PELLISSIER VILLAGE,0,2020-04-07
UNINCORPORATED,PELLISSIER VILLAGE,0,2020-04-08
UNINCORPORATED,PELLISSIER VILLAGE,0,2020-04-09
UNINCORPORATED,PELLISSIER VILLAGE,0,2020-04-10
UNINCORPORATED,PELLISSIER VILLAGE,0,2020-04-11
UNINCORPORATED,PELLISSIER VILLAGE,0,2020-04-12
NA,PICO,1,2020-03-24
NA,PICO,2,2020-03-25
NA,PICO,5,2020-03-26
NA,PICO RIVERA,1,2020-03-24
NA,PICO RIVERA,1,2020-03-25
NA,PICO RIVERA,2,2020-03-26
NA,PICO RIVERA,2,2020-03-27
NA,PICO RIVERA,5,2020-03-28
NA,PICO RIVERA,5,2020-03-29
NA,PICO RIVERA,6,2020-03-30
NA,PICO RIVERA,9,2020-03-31
NA,PICO RIVERA,14,2020-04-01
NA,PICO RIVERA,15,2020-04-02
NA,PICO RIVERA,17,2020-04-03
NA,PICO RIVERA,27,2020-04-04
NA,PICO RIVERA,31,2020-04-05
NA,PICO RIVERA,32,2020-04-06
NA,PICO RIVERA,39,2020-04-07
NA,PICO RIVERA,43,2020-04-08
NA,PICO RIVERA,49,2020-04-09
NA,PICO RIVERA,52,2020-04-10
NA,PICO RIVERA,57,2020-04-11
NA,PICO RIVERA,57,2020-04-12
LOS ANGELES,PICO-UNION,5,2020-03-27
LOS ANGELES,PICO-UNION,4,2020-03-28
LOS ANGELES,PICO-UNION,4,2020-03-29
LOS ANGELES,PICO-UNION,5,2020-03-30
LOS ANGELES,PICO-UNION,7,2020-03-31
LOS ANGELES,PICO-UNION,9,2020-04-01
LOS ANGELES,PICO-UNION,9,2020-04-02
LOS ANGELES,PICO-UNION,13,2020-04-03
LOS ANGELES,PICO-UNION,16,2020-04-04
LOS ANGELES,PICO-UNION,21,2020-04-05
LOS ANGELES,PICO-UNION,24,2020-04-06
LOS ANGELES,PICO-UNION,31,2020-04-07
LOS ANGELES,PICO-UNION,37,2020-04-08
LOS ANGELES,PICO-UNION,42,2020-04-09
LOS ANGELES,PICO-UNION,47,2020-04-10
LOS ANGELES,PICO-UNION,47,2020-04-11
LOS ANGELES,PICO-UNION,49,2020-04-12
UNINCORPORATED,PLACERITA CANYON,0,2020-03-27
UNINCORPORATED,PLACERITA CANYON,0,2020-03-28
UNINCORPORATED,PLACERITA CANYON,0,2020-03-29
UNINCORPORATED,PLACERITA CANYON,0,2020-03-30
UNINCORPORATED,PLACERITA CANYON,0,2020-03-31
UNINCORPORATED,PLACERITA CANYON,0,2020-04-01
UNINCORPORATED,PLACERITA CANYON,0,2020-04-02
UNINCORPORATED,PLACERITA CANYON,0,2020-04-03
UNINCORPORATED,PLACERITA CANYON,0,2020-04-04
UNINCORPORATED,PLACERITA CANYON,0,2020-04-05
UNINCORPORATED,PLACERITA CANYON,0,2020-04-06
UNINCORPORATED,PLACERITA CANYON,0,2020-04-07
UNINCORPORATED,PLACERITA CANYON,0,2020-04-08
UNINCORPORATED,PLACERITA CANYON,0,2020-04-09
UNINCORPORATED,PLACERITA CANYON,0,2020-04-10
UNINCORPORATED,PLACERITA CANYON,0,2020-04-11
UNINCORPORATED,PLACERITA CANYON,0,2020-04-12
LOS ANGELES,PLAYA DEL REY,NA,2020-03-27
LOS ANGELES,PLAYA DEL REY,NA,2020-03-28
LOS ANGELES,PLAYA DEL REY,NA,2020-03-29
LOS ANGELES,PLAYA DEL REY,NA,2020-03-30
LOS ANGELES,PLAYA DEL REY,NA,2020-03-31
LOS ANGELES,PLAYA DEL REY,NA,2020-04-01
LOS ANGELES,PLAYA DEL REY,NA,2020-04-02
LOS ANGELES,PLAYA DEL REY,NA,2020-04-03
LOS ANGELES,PLAYA DEL REY,NA,2020-04-04
LOS ANGELES,PLAYA DEL REY,NA,2020-04-05
LOS ANGELES,PLAYA DEL REY,NA,2020-04-06
LOS ANGELES,PLAYA DEL REY,NA,2020-04-07
LOS ANGELES,PLAYA DEL REY,NA,2020-04-08
LOS ANGELES,PLAYA DEL REY,NA,2020-04-09
LOS ANGELES,PLAYA DEL REY,NA,2020-04-10
LOS ANGELES,PLAYA DEL REY,NA,2020-04-11
LOS ANGELES,PLAYA DEL REY,NA,2020-04-12
NA,PLAYA VISTA,1,2020-03-19
NA,PLAYA VISTA,1,2020-03-20
NA,PLAYA VISTA,2,2020-03-21
NA,PLAYA VISTA,2,2020-03-22
NA,PLAYA VISTA,3,2020-03-23
NA,PLAYA VISTA,4,2020-03-24
NA,PLAYA VISTA,5,2020-03-25
NA,PLAYA VISTA,8,2020-03-26
LOS ANGELES,PLAYA VISTA,5,2020-03-27
LOS ANGELES,PLAYA VISTA,5,2020-03-28
LOS ANGELES,PLAYA VISTA,5,2020-03-29
LOS ANGELES,PLAYA VISTA,5,2020-03-30
LOS ANGELES,PLAYA VISTA,7,2020-03-31
LOS ANGELES,PLAYA VISTA,7,2020-04-01
LOS ANGELES,PLAYA VISTA,7,2020-04-02
LOS ANGELES,PLAYA VISTA,8,2020-04-03
LOS ANGELES,PLAYA VISTA,8,2020-04-04
LOS ANGELES,PLAYA VISTA,8,2020-04-05
LOS ANGELES,PLAYA VISTA,10,2020-04-06
LOS ANGELES,PLAYA VISTA,10,2020-04-07
LOS ANGELES,PLAYA VISTA,10,2020-04-08
LOS ANGELES,PLAYA VISTA,10,2020-04-09
LOS ANGELES,PLAYA VISTA,10,2020-04-10
LOS ANGELES,PLAYA VISTA,10,2020-04-11
LOS ANGELES,PLAYA VISTA,10,2020-04-12
NA,POMONA,1,2020-03-25
NA,POMONA,3,2020-03-26
NA,POMONA,4,2020-03-27
UNINCORPORATED,POMONA,0,2020-03-27
NA,POMONA,4,2020-03-28
UNINCORPORATED,POMONA,0,2020-03-28
NA,POMONA,4,2020-03-29
UNINCORPORATED,POMONA,0,2020-03-29
NA,POMONA,5,2020-03-30
UNINCORPORATED,POMONA,0,2020-03-30
NA,POMONA,10,2020-03-31
UNINCORPORATED,POMONA,0,2020-03-31
NA,POMONA,13,2020-04-01
UNINCORPORATED,POMONA,0,2020-04-01
NA,POMONA,15,2020-04-02
UNINCORPORATED,POMONA,0,2020-04-02
NA,POMONA,22,2020-04-03
UNINCORPORATED,POMONA,0,2020-04-03
NA,POMONA,24,2020-04-04
UNINCORPORATED,POMONA,0,2020-04-04
NA,POMONA,24,2020-04-05
UNINCORPORATED,POMONA,0,2020-04-05
NA,POMONA,30,2020-04-06
UNINCORPORATED,POMONA,0,2020-04-06
NA,POMONA,35,2020-04-07
UNINCORPORATED,POMONA,0,2020-04-07
NA,POMONA,40,2020-04-08
UNINCORPORATED,POMONA,0,2020-04-08
NA,POMONA,43,2020-04-09
UNINCORPORATED,POMONA,0,2020-04-09
NA,POMONA,45,2020-04-10
UNINCORPORATED,POMONA,0,2020-04-10
NA,POMONA,47,2020-04-11
UNINCORPORATED,POMONA,0,2020-04-11
NA,POMONA,48,2020-04-12
UNINCORPORATED,POMONA,0,2020-04-12
NA,PORTER RANCH,1,2020-03-24
NA,PORTER RANCH,1,2020-03-25
NA,PORTER RANCH,2,2020-03-26
LOS ANGELES,PORTER RANCH,2,2020-03-27
LOS ANGELES,PORTER RANCH,3,2020-03-28
LOS ANGELES,PORTER RANCH,6,2020-03-29
LOS ANGELES,PORTER RANCH,6,2020-03-30
LOS ANGELES,PORTER RANCH,8,2020-03-31
LOS ANGELES,PORTER RANCH,8,2020-04-01
LOS ANGELES,PORTER RANCH,12,2020-04-02
LOS ANGELES,PORTER RANCH,12,2020-04-03
LOS ANGELES,PORTER RANCH,16,2020-04-04
LOS ANGELES,PORTER RANCH,21,2020-04-05
LOS ANGELES,PORTER RANCH,20,2020-04-06
LOS ANGELES,PORTER RANCH,24,2020-04-07
LOS ANGELES,PORTER RANCH,24,2020-04-08
LOS ANGELES,PORTER RANCH,26,2020-04-09
LOS ANGELES,PORTER RANCH,28,2020-04-10
LOS ANGELES,PORTER RANCH,28,2020-04-11
LOS ANGELES,PORTER RANCH,28,2020-04-12
UNINCORPORATED,QUARTZ HILL,0,2020-03-27
UNINCORPORATED,QUARTZ HILL,0,2020-03-28
UNINCORPORATED,QUARTZ HILL,NA,2020-03-29
UNINCORPORATED,QUARTZ HILL,NA,2020-03-30
UNINCORPORATED,QUARTZ HILL,NA,2020-03-31
UNINCORPORATED,QUARTZ HILL,NA,2020-04-01
UNINCORPORATED,QUARTZ HILL,NA,2020-04-02
UNINCORPORATED,QUARTZ HILL,NA,2020-04-03
UNINCORPORATED,QUARTZ HILL,NA,2020-04-04
UNINCORPORATED,QUARTZ HILL,NA,2020-04-05
UNINCORPORATED,QUARTZ HILL,NA,2020-04-06
UNINCORPORATED,QUARTZ HILL,NA,2020-04-07
UNINCORPORATED,QUARTZ HILL,NA,2020-04-08
UNINCORPORATED,QUARTZ HILL,NA,2020-04-09
UNINCORPORATED,QUARTZ HILL,NA,2020-04-10
UNINCORPORATED,QUARTZ HILL,5,2020-04-11
UNINCORPORATED,QUARTZ HILL,5,2020-04-12
UNINCORPORATED,RANCHO DOMINGUEZ,0,2020-03-27
UNINCORPORATED,RANCHO DOMINGUEZ,0,2020-03-28
UNINCORPORATED,RANCHO DOMINGUEZ,NA,2020-03-29
UNINCORPORATED,RANCHO DOMINGUEZ,NA,2020-03-30
UNINCORPORATED,RANCHO DOMINGUEZ,NA,2020-03-31
UNINCORPORATED,RANCHO DOMINGUEZ,NA,2020-04-01
UNINCORPORATED,RANCHO DOMINGUEZ,NA,2020-04-02
UNINCORPORATED,RANCHO DOMINGUEZ,NA,2020-04-03
UNINCORPORATED,RANCHO DOMINGUEZ,NA,2020-04-04
UNINCORPORATED,RANCHO DOMINGUEZ,NA,2020-04-05
UNINCORPORATED,RANCHO DOMINGUEZ,NA,2020-04-06
UNINCORPORATED,RANCHO DOMINGUEZ,NA,2020-04-07
UNINCORPORATED,RANCHO DOMINGUEZ,NA,2020-04-08
UNINCORPORATED,RANCHO DOMINGUEZ,5,2020-04-09
UNINCORPORATED,RANCHO DOMINGUEZ,5,2020-04-10
UNINCORPORATED,RANCHO DOMINGUEZ,5,2020-04-11
UNINCORPORATED,RANCHO DOMINGUEZ,5,2020-04-12
NA,RANCHO PALOS VERDES,1,2020-03-22
NA,RANCHO PALOS VERDES,1,2020-03-23
NA,RANCHO PALOS VERDES,3,2020-03-24
NA,RANCHO PALOS VERDES,5,2020-03-25
NA,RANCHO PALOS VERDES,6,2020-03-26
NA,RANCHO PALOS VERDES,7,2020-03-27
NA,RANCHO PALOS VERDES,8,2020-03-28
NA,RANCHO PALOS VERDES,8,2020-03-29
NA,RANCHO PALOS VERDES,10,2020-03-30
NA,RANCHO PALOS VERDES,13,2020-03-31
NA,RANCHO PALOS VERDES,16,2020-04-01
NA,RANCHO PALOS VERDES,20,2020-04-02
NA,RANCHO PALOS VERDES,22,2020-04-03
NA,RANCHO PALOS VERDES,27,2020-04-04
NA,RANCHO PALOS VERDES,28,2020-04-05
NA,RANCHO PALOS VERDES,33,2020-04-06
NA,RANCHO PALOS VERDES,34,2020-04-07
NA,RANCHO PALOS VERDES,35,2020-04-08
NA,RANCHO PALOS VERDES,35,2020-04-09
NA,RANCHO PALOS VERDES,36,2020-04-10
NA,RANCHO PALOS VERDES,38,2020-04-11
NA,RANCHO PALOS VERDES,39,2020-04-12
LOS ANGELES,RANCHO PARK,NA,2020-03-27
LOS ANGELES,RANCHO PARK,NA,2020-03-28
LOS ANGELES,RANCHO PARK,NA,2020-03-29
LOS ANGELES,RANCHO PARK,NA,2020-03-30
LOS ANGELES,RANCHO PARK,NA,2020-03-31
LOS ANGELES,RANCHO PARK,NA,2020-04-01
LOS ANGELES,RANCHO PARK,NA,2020-04-02
LOS ANGELES,RANCHO PARK,5,2020-04-03
LOS ANGELES,RANCHO PARK,6,2020-04-04
LOS ANGELES,RANCHO PARK,7,2020-04-05
LOS ANGELES,RANCHO PARK,8,2020-04-06
LOS ANGELES,RANCHO PARK,8,2020-04-07
LOS ANGELES,RANCHO PARK,8,2020-04-08
LOS ANGELES,RANCHO PARK,9,2020-04-09
LOS ANGELES,RANCHO PARK,9,2020-04-10
LOS ANGELES,RANCHO PARK,8,2020-04-11
LOS ANGELES,RANCHO PARK,8,2020-04-12
NA,REDONDO BEACH,1,2020-03-20
NA,REDONDO BEACH,2,2020-03-21
NA,REDONDO BEACH,4,2020-03-22
NA,REDONDO BEACH,5,2020-03-23
NA,REDONDO BEACH,7,2020-03-24
NA,REDONDO BEACH,9,2020-03-25
NA,REDONDO BEACH,20,2020-03-26
NA,REDONDO BEACH,23,2020-03-27
NA,REDONDO BEACH,24,2020-03-28
NA,REDONDO BEACH,29,2020-03-29
NA,REDONDO BEACH,34,2020-03-30
NA,REDONDO BEACH,39,2020-03-31
NA,REDONDO BEACH,50,2020-04-01
NA,REDONDO BEACH,54,2020-04-02
NA,REDONDO BEACH,60,2020-04-03
NA,REDONDO BEACH,62,2020-04-04
NA,REDONDO BEACH,64,2020-04-05
NA,REDONDO BEACH,67,2020-04-06
NA,REDONDO BEACH,68,2020-04-07
NA,REDONDO BEACH,73,2020-04-08
NA,REDONDO BEACH,78,2020-04-09
NA,REDONDO BEACH,81,2020-04-10
NA,REDONDO BEACH,83,2020-04-11
NA,REDONDO BEACH,84,2020-04-12
LOS ANGELES,REGENT SQUARE,0,2020-03-27
LOS ANGELES,REGENT SQUARE,0,2020-03-28
LOS ANGELES,REGENT SQUARE,0,2020-03-29
LOS ANGELES,REGENT SQUARE,NA,2020-03-30
LOS ANGELES,REGENT SQUARE,NA,2020-03-31
LOS ANGELES,REGENT SQUARE,NA,2020-04-01
LOS ANGELES,REGENT SQUARE,NA,2020-04-02
LOS ANGELES,REGENT SQUARE,NA,2020-04-03
LOS ANGELES,REGENT SQUARE,NA,2020-04-04
LOS ANGELES,REGENT SQUARE,NA,2020-04-05
LOS ANGELES,REGENT SQUARE,NA,2020-04-06
LOS ANGELES,REGENT SQUARE,NA,2020-04-07
LOS ANGELES,REGENT SQUARE,NA,2020-04-08
LOS ANGELES,REGENT SQUARE,NA,2020-04-09
LOS ANGELES,REGENT SQUARE,NA,2020-04-10
LOS ANGELES,REGENT SQUARE,NA,2020-04-11
LOS ANGELES,REGENT SQUARE,NA,2020-04-12
NA,RESEDA,1,2020-03-17
LOS ANGELES,RESEDA,1,2020-03-18
NA,RESEDA,1,2020-03-19
NA,RESEDA,2,2020-03-20
NA,RESEDA,3,2020-03-21
NA,RESEDA,2,2020-03-22
NA,RESEDA,3,2020-03-23
NA,RESEDA,4,2020-03-24
NA,RESEDA,5,2020-03-25
NA,RESEDA,8,2020-03-26
LOS ANGELES,RESEDA,8,2020-03-27
LOS ANGELES,RESEDA,11,2020-03-28
LOS ANGELES,RESEDA,13,2020-03-29
LOS ANGELES,RESEDA,20,2020-03-30
LOS ANGELES,RESEDA,20,2020-03-31
LOS ANGELES,RESEDA,20,2020-04-01
LOS ANGELES,RESEDA,21,2020-04-02
LOS ANGELES,RESEDA,25,2020-04-03
LOS ANGELES,RESEDA,34,2020-04-04
LOS ANGELES,RESEDA,38,2020-04-05
LOS ANGELES,RESEDA,43,2020-04-06
LOS ANGELES,RESEDA,46,2020-04-07
LOS ANGELES,RESEDA,53,2020-04-08
LOS ANGELES,RESEDA,57,2020-04-09
LOS ANGELES,RESEDA,62,2020-04-10
LOS ANGELES,RESEDA,70,2020-04-11
LOS ANGELES,RESEDA,73,2020-04-12
LOS ANGELES,RESEDA RANCH,NA,2020-03-27
LOS ANGELES,RESEDA RANCH,NA,2020-03-28
LOS ANGELES,RESEDA RANCH,NA,2020-03-29
LOS ANGELES,RESEDA RANCH,NA,2020-03-30
LOS ANGELES,RESEDA RANCH,NA,2020-03-31
LOS ANGELES,RESEDA RANCH,NA,2020-04-01
LOS ANGELES,RESEDA RANCH,NA,2020-04-02
LOS ANGELES,RESEDA RANCH,NA,2020-04-03
LOS ANGELES,RESEDA RANCH,NA,2020-04-04
LOS ANGELES,RESEDA RANCH,NA,2020-04-05
LOS ANGELES,RESEDA RANCH,NA,2020-04-06
LOS ANGELES,RESEDA RANCH,NA,2020-04-07
LOS ANGELES,RESEDA RANCH,5,2020-04-08
LOS ANGELES,RESEDA RANCH,6,2020-04-09
LOS ANGELES,RESEDA RANCH,7,2020-04-10
LOS ANGELES,RESEDA RANCH,9,2020-04-11
LOS ANGELES,RESEDA RANCH,9,2020-04-12
LOS ANGELES,REYNIER VILLAGE,NA,2020-03-27
LOS ANGELES,REYNIER VILLAGE,NA,2020-03-28
LOS ANGELES,REYNIER VILLAGE,NA,2020-03-29
LOS ANGELES,REYNIER VILLAGE,NA,2020-03-30
LOS ANGELES,REYNIER VILLAGE,NA,2020-03-31
LOS ANGELES,REYNIER VILLAGE,NA,2020-04-01
LOS ANGELES,REYNIER VILLAGE,NA,2020-04-02
LOS ANGELES,REYNIER VILLAGE,NA,2020-04-03
LOS ANGELES,REYNIER VILLAGE,NA,2020-04-04
LOS ANGELES,REYNIER VILLAGE,NA,2020-04-05
LOS ANGELES,REYNIER VILLAGE,NA,2020-04-06
LOS ANGELES,REYNIER VILLAGE,NA,2020-04-07
LOS ANGELES,REYNIER VILLAGE,5,2020-04-08
LOS ANGELES,REYNIER VILLAGE,5,2020-04-09
LOS ANGELES,REYNIER VILLAGE,5,2020-04-10
LOS ANGELES,REYNIER VILLAGE,5,2020-04-11
LOS ANGELES,REYNIER VILLAGE,5,2020-04-12
NA,ROLLING HILLS,0,2020-03-27
NA,ROLLING HILLS,0,2020-03-28
NA,ROLLING HILLS,0,2020-03-29
NA,ROLLING HILLS,0,2020-03-30
NA,ROLLING HILLS,0,2020-03-31
NA,ROLLING HILLS,0,2020-04-01
NA,ROLLING HILLS,0,2020-04-02
NA,ROLLING HILLS,0,2020-04-03
NA,ROLLING HILLS,0,2020-04-04
NA,ROLLING HILLS,NA,2020-04-05
NA,ROLLING HILLS,NA,2020-04-06
NA,ROLLING HILLS,NA,2020-04-07
NA,ROLLING HILLS,NA,2020-04-08
NA,ROLLING HILLS,NA,2020-04-09
NA,ROLLING HILLS,NA,2020-04-10
NA,ROLLING HILLS,NA,2020-04-11
NA,ROLLING HILLS,NA,2020-04-12
NA,ROLLING HILLS ESTATES,NA,2020-03-27
NA,ROLLING HILLS ESTATES,NA,2020-03-28
NA,ROLLING HILLS ESTATES,NA,2020-03-29
NA,ROLLING HILLS ESTATES,NA,2020-03-30
NA,ROLLING HILLS ESTATES,NA,2020-03-31
NA,ROLLING HILLS ESTATES,NA,2020-04-01
NA,ROLLING HILLS ESTATES,5,2020-04-02
NA,ROLLING HILLS ESTATES,5,2020-04-03
NA,ROLLING HILLS ESTATES,7,2020-04-04
NA,ROLLING HILLS ESTATES,8,2020-04-05
NA,ROLLING HILLS ESTATES,8,2020-04-06
NA,ROLLING HILLS ESTATES,8,2020-04-07
NA,ROLLING HILLS ESTATES,8,2020-04-08
NA,ROLLING HILLS ESTATES,8,2020-04-09
NA,ROLLING HILLS ESTATES,9,2020-04-10
NA,ROLLING HILLS ESTATES,10,2020-04-11
NA,ROLLING HILLS ESTATES,11,2020-04-12
UNINCORPORATED,ROOSEVELT,0,2020-03-27
UNINCORPORATED,ROOSEVELT,0,2020-03-28
UNINCORPORATED,ROOSEVELT,0,2020-03-29
UNINCORPORATED,ROOSEVELT,0,2020-03-30
UNINCORPORATED,ROOSEVELT,0,2020-03-31
UNINCORPORATED,ROOSEVELT,0,2020-04-01
UNINCORPORATED,ROOSEVELT,0,2020-04-02
UNINCORPORATED,ROOSEVELT,0,2020-04-03
UNINCORPORATED,ROOSEVELT,0,2020-04-04
UNINCORPORATED,ROOSEVELT,0,2020-04-05
UNINCORPORATED,ROOSEVELT,0,2020-04-06
UNINCORPORATED,ROOSEVELT,0,2020-04-07
UNINCORPORATED,ROOSEVELT,0,2020-04-08
UNINCORPORATED,ROOSEVELT,0,2020-04-09
UNINCORPORATED,ROOSEVELT,0,2020-04-10
UNINCORPORATED,ROOSEVELT,0,2020-04-11
UNINCORPORATED,ROOSEVELT,0,2020-04-12
NA,ROSEMEAD,0,2020-03-27
NA,ROSEMEAD,1,2020-03-28
NA,ROSEMEAD,2,2020-03-29
NA,ROSEMEAD,2,2020-03-30
NA,ROSEMEAD,2,2020-03-31
NA,ROSEMEAD,3,2020-04-01
NA,ROSEMEAD,3,2020-04-02
NA,ROSEMEAD,5,2020-04-03
NA,ROSEMEAD,6,2020-04-04
NA,ROSEMEAD,8,2020-04-05
NA,ROSEMEAD,9,2020-04-06
NA,ROSEMEAD,10,2020-04-07
NA,ROSEMEAD,10,2020-04-08
NA,ROSEMEAD,11,2020-04-09
NA,ROSEMEAD,12,2020-04-10
NA,ROSEMEAD,15,2020-04-11
NA,ROSEMEAD,15,2020-04-12
UNINCORPORATED,ROSEWOOD,0,2020-03-27
UNINCORPORATED,ROSEWOOD,0,2020-03-28
UNINCORPORATED,ROSEWOOD,0,2020-03-29
UNINCORPORATED,ROSEWOOD,0,2020-03-30
UNINCORPORATED,ROSEWOOD,0,2020-03-31
UNINCORPORATED,ROSEWOOD,NA,2020-04-01
UNINCORPORATED,ROSEWOOD,NA,2020-04-02
UNINCORPORATED,ROSEWOOD,NA,2020-04-03
UNINCORPORATED,ROSEWOOD,NA,2020-04-04
UNINCORPORATED,ROSEWOOD,NA,2020-04-05
UNINCORPORATED,ROSEWOOD,NA,2020-04-06
UNINCORPORATED,ROSEWOOD,NA,2020-04-07
UNINCORPORATED,ROSEWOOD,NA,2020-04-08
UNINCORPORATED,ROSEWOOD,NA,2020-04-09
UNINCORPORATED,ROSEWOOD,NA,2020-04-10
UNINCORPORATED,ROSEWOOD,NA,2020-04-11
UNINCORPORATED,ROSEWOOD,NA,2020-04-12
UNINCORPORATED,ROSEWOOD/EAST GARDENA,0,2020-03-27
UNINCORPORATED,ROSEWOOD/EAST GARDENA,0,2020-03-28
UNINCORPORATED,ROSEWOOD/EAST GARDENA,0,2020-03-29
UNINCORPORATED,ROSEWOOD/EAST GARDENA,0,2020-03-30
UNINCORPORATED,ROSEWOOD/EAST GARDENA,0,2020-03-31
UNINCORPORATED,ROSEWOOD/EAST GARDENA,0,2020-04-01
UNINCORPORATED,ROSEWOOD/EAST GARDENA,0,2020-04-02
UNINCORPORATED,ROSEWOOD/EAST GARDENA,0,2020-04-03
UNINCORPORATED,ROSEWOOD/EAST GARDENA,0,2020-04-04
UNINCORPORATED,ROSEWOOD/EAST GARDENA,0,2020-04-05
UNINCORPORATED,ROSEWOOD/EAST GARDENA,0,2020-04-06
UNINCORPORATED,ROSEWOOD/EAST GARDENA,0,2020-04-07
UNINCORPORATED,ROSEWOOD/EAST GARDENA,0,2020-04-08
UNINCORPORATED,ROSEWOOD/EAST GARDENA,0,2020-04-09
UNINCORPORATED,ROSEWOOD/EAST GARDENA,0,2020-04-10
UNINCORPORATED,ROSEWOOD/EAST GARDENA,0,2020-04-11
UNINCORPORATED,ROSEWOOD/EAST GARDENA,0,2020-04-12
UNINCORPORATED,ROSEWOOD/WEST RANCHO DOMINGUEZ,0,2020-03-27
UNINCORPORATED,ROSEWOOD/WEST RANCHO DOMINGUEZ,0,2020-03-28
UNINCORPORATED,ROSEWOOD/WEST RANCHO DOMINGUEZ,0,2020-03-29
UNINCORPORATED,ROSEWOOD/WEST RANCHO DOMINGUEZ,0,2020-03-30
UNINCORPORATED,ROSEWOOD/WEST RANCHO DOMINGUEZ,0,2020-03-31
UNINCORPORATED,ROSEWOOD/WEST RANCHO DOMINGUEZ,0,2020-04-01
UNINCORPORATED,ROSEWOOD/WEST RANCHO DOMINGUEZ,0,2020-04-02
UNINCORPORATED,ROSEWOOD/WEST RANCHO DOMINGUEZ,0,2020-04-03
UNINCORPORATED,ROSEWOOD/WEST RANCHO DOMINGUEZ,0,2020-04-04
UNINCORPORATED,ROSEWOOD/WEST RANCHO DOMINGUEZ,0,2020-04-05
UNINCORPORATED,ROSEWOOD/WEST RANCHO DOMINGUEZ,0,2020-04-06
UNINCORPORATED,ROSEWOOD/WEST RANCHO DOMINGUEZ,0,2020-04-07
UNINCORPORATED,ROSEWOOD/WEST RANCHO DOMINGUEZ,0,2020-04-08
UNINCORPORATED,ROSEWOOD/WEST RANCHO DOMINGUEZ,0,2020-04-09
UNINCORPORATED,ROSEWOOD/WEST RANCHO DOMINGUEZ,NA,2020-04-10
UNINCORPORATED,ROSEWOOD/WEST RANCHO DOMINGUEZ,NA,2020-04-11
UNINCORPORATED,ROSEWOOD/WEST RANCHO DOMINGUEZ,NA,2020-04-12
UNINCORPORATED,ROWLAND HEIGHTS,1,2020-03-27
UNINCORPORATED,ROWLAND HEIGHTS,1,2020-03-28
UNINCORPORATED,ROWLAND HEIGHTS,3,2020-03-29
UNINCORPORATED,ROWLAND HEIGHTS,3,2020-03-30
UNINCORPORATED,ROWLAND HEIGHTS,3,2020-03-31
UNINCORPORATED,ROWLAND HEIGHTS,5,2020-04-01
UNINCORPORATED,ROWLAND HEIGHTS,6,2020-04-02
UNINCORPORATED,ROWLAND HEIGHTS,7,2020-04-03
UNINCORPORATED,ROWLAND HEIGHTS,8,2020-04-04
UNINCORPORATED,ROWLAND HEIGHTS,8,2020-04-05
UNINCORPORATED,ROWLAND HEIGHTS,8,2020-04-06
UNINCORPORATED,ROWLAND HEIGHTS,10,2020-04-07
UNINCORPORATED,ROWLAND HEIGHTS,10,2020-04-08
UNINCORPORATED,ROWLAND HEIGHTS,12,2020-04-09
UNINCORPORATED,ROWLAND HEIGHTS,13,2020-04-10
UNINCORPORATED,ROWLAND HEIGHTS,15,2020-04-11
UNINCORPORATED,ROWLAND HEIGHTS,16,2020-04-12
UNINCORPORATED,SAN CLEMENTE ISLAND,0,2020-03-28
UNINCORPORATED,SAN CLEMENTE ISLAND,0,2020-03-29
UNINCORPORATED,SAN CLEMENTE ISLAND,0,2020-03-30
UNINCORPORATED,SAN CLEMENTE ISLAND,0,2020-03-31
UNINCORPORATED,SAN CLEMENTE ISLAND,0,2020-04-01
UNINCORPORATED,SAN CLEMENTE ISLAND,0,2020-04-02
UNINCORPORATED,SAN CLEMENTE ISLAND,0,2020-04-03
UNINCORPORATED,SAN CLEMENTE ISLAND,0,2020-04-04
UNINCORPORATED,SAN CLEMENTE ISLAND,0,2020-04-05
UNINCORPORATED,SAN CLEMENTE ISLAND,0,2020-04-06
UNINCORPORATED,SAN CLEMENTE ISLAND,0,2020-04-07
UNINCORPORATED,SAN CLEMENTE ISLAND,0,2020-04-08
UNINCORPORATED,SAN CLEMENTE ISLAND,0,2020-04-09
UNINCORPORATED,SAN CLEMENTE ISLAND,0,2020-04-10
UNINCORPORATED,SAN CLEMENTE ISLAND,0,2020-04-11
UNINCORPORATED,SAN CLEMENTE ISLAND,0,2020-04-12
NA,SAN DIMAS,1,2020-03-16
NA,SAN DIMAS,1,2020-03-17
NA,SAN DIMAS,1,2020-03-18
NA,SAN DIMAS,1,2020-03-19
NA,SAN DIMAS,1,2020-03-20
NA,SAN DIMAS,1,2020-03-21
NA,SAN DIMAS,1,2020-03-22
NA,SAN DIMAS,1,2020-03-23
NA,SAN DIMAS,1,2020-03-24
NA,SAN DIMAS,1,2020-03-25
NA,SAN DIMAS,1,2020-03-26
NA,SAN DIMAS,1,2020-03-27
NA,SAN DIMAS,2,2020-03-28
NA,SAN DIMAS,3,2020-03-29
NA,SAN DIMAS,3,2020-03-30
NA,SAN DIMAS,4,2020-03-31
NA,SAN DIMAS,5,2020-04-01
NA,SAN DIMAS,6,2020-04-02
NA,SAN DIMAS,6,2020-04-03
NA,SAN DIMAS,7,2020-04-04
NA,SAN DIMAS,9,2020-04-05
NA,SAN DIMAS,13,2020-04-06
NA,SAN DIMAS,14,2020-04-07
NA,SAN DIMAS,15,2020-04-08
NA,SAN DIMAS,17,2020-04-09
NA,SAN DIMAS,17,2020-04-10
NA,SAN DIMAS,18,2020-04-11
NA,SAN DIMAS,18,2020-04-12
NA,SAN FERNANDO,1,2020-03-20
NA,SAN FERNANDO,1,2020-03-21
NA,SAN FERNANDO,1,2020-03-22
NA,SAN FERNANDO,1,2020-03-23
NA,SAN FERNANDO,2,2020-03-24
NA,SAN FERNANDO,3,2020-03-25
NA,SAN FERNANDO,3,2020-03-26
NA,SAN FERNANDO,0,2020-03-27
NA,SAN FERNANDO,0,2020-03-28
NA,SAN FERNANDO,NA,2020-03-29
NA,SAN FERNANDO,NA,2020-03-30
NA,SAN FERNANDO,NA,2020-03-31
NA,SAN FERNANDO,5,2020-04-01
NA,SAN FERNANDO,5,2020-04-02
NA,SAN FERNANDO,6,2020-04-03
NA,SAN FERNANDO,8,2020-04-04
NA,SAN FERNANDO,9,2020-04-05
NA,SAN FERNANDO,12,2020-04-06
NA,SAN FERNANDO,12,2020-04-07
NA,SAN FERNANDO,16,2020-04-08
NA,SAN FERNANDO,17,2020-04-09
NA,SAN FERNANDO,18,2020-04-10
NA,SAN FERNANDO,20,2020-04-11
NA,SAN FERNANDO,22,2020-04-12
UNINCORPORATED,SAN FRANCISQUITO CANYON/BOUQUET CANYON,0,2020-03-28
UNINCORPORATED,SAN FRANCISQUITO CANYON/BOUQUET CANYON,0,2020-03-29
UNINCORPORATED,SAN FRANCISQUITO CANYON/BOUQUET CANYON,0,2020-03-30
UNINCORPORATED,SAN FRANCISQUITO CANYON/BOUQUET CANYON,0,2020-03-31
UNINCORPORATED,SAN FRANCISQUITO CANYON/BOUQUET CANYON,0,2020-04-01
UNINCORPORATED,SAN FRANCISQUITO CANYON/BOUQUET CANYON,0,2020-04-02
UNINCORPORATED,SAN FRANCISQUITO CANYON/BOUQUET CANYON,0,2020-04-03
UNINCORPORATED,SAN FRANCISQUITO CANYON/BOUQUET CANYON,0,2020-04-04
UNINCORPORATED,SAN FRANCISQUITO CANYON/BOUQUET CANYON,0,2020-04-05
UNINCORPORATED,SAN FRANCISQUITO CANYON/BOUQUET CANYON,0,2020-04-06
UNINCORPORATED,SAN FRANCISQUITO CANYON/BOUQUET CANYON,0,2020-04-07
UNINCORPORATED,SAN FRANCISQUITO CANYON/BOUQUET CANYON,0,2020-04-08
UNINCORPORATED,SAN FRANCISQUITO CANYON/BOUQUET CANYON,0,2020-04-09
UNINCORPORATED,SAN FRANCISQUITO CANYON/BOUQUET CANYON,0,2020-04-10
UNINCORPORATED,SAN FRANCISQUITO CANYON/BOUQUET CANYON,0,2020-04-11
UNINCORPORATED,SAN FRANCISQUITO CANYON/BOUQUET CANYON,0,2020-04-12
NA,SAN GABRIEL,1,2020-03-24
NA,SAN GABRIEL,1,2020-03-25
NA,SAN GABRIEL,3,2020-03-26
NA,SAN GABRIEL,5,2020-03-27
NA,SAN GABRIEL,6,2020-03-28
NA,SAN GABRIEL,6,2020-03-29
NA,SAN GABRIEL,6,2020-03-30
NA,SAN GABRIEL,6,2020-03-31
NA,SAN GABRIEL,6,2020-04-01
NA,SAN GABRIEL,7,2020-04-02
NA,SAN GABRIEL,7,2020-04-03
NA,SAN GABRIEL,7,2020-04-04
NA,SAN GABRIEL,10,2020-04-05
NA,SAN GABRIEL,11,2020-04-06
NA,SAN GABRIEL,13,2020-04-07
NA,SAN GABRIEL,12,2020-04-08
NA,SAN GABRIEL,12,2020-04-09
NA,SAN GABRIEL,13,2020-04-10
NA,SAN GABRIEL,13,2020-04-11
NA,SAN GABRIEL,13,2020-04-12
UNINCORPORATED,SAN JOSE HILLS,0,2020-03-27
UNINCORPORATED,SAN JOSE HILLS,0,2020-03-28
UNINCORPORATED,SAN JOSE HILLS,0,2020-03-29
UNINCORPORATED,SAN JOSE HILLS,0,2020-03-30
UNINCORPORATED,SAN JOSE HILLS,0,2020-03-31
UNINCORPORATED,SAN JOSE HILLS,0,2020-04-01
UNINCORPORATED,SAN JOSE HILLS,0,2020-04-02
UNINCORPORATED,SAN JOSE HILLS,0,2020-04-03
UNINCORPORATED,SAN JOSE HILLS,0,2020-04-04
UNINCORPORATED,SAN JOSE HILLS,0,2020-04-05
UNINCORPORATED,SAN JOSE HILLS,0,2020-04-06
UNINCORPORATED,SAN JOSE HILLS,NA,2020-04-07
UNINCORPORATED,SAN JOSE HILLS,0,2020-04-08
UNINCORPORATED,SAN JOSE HILLS,NA,2020-04-09
UNINCORPORATED,SAN JOSE HILLS,NA,2020-04-10
UNINCORPORATED,SAN JOSE HILLS,NA,2020-04-11
UNINCORPORATED,SAN JOSE HILLS,NA,2020-04-12
NA,SAN MARINO,NA,2020-03-27
NA,SAN MARINO,NA,2020-03-28
NA,SAN MARINO,NA,2020-03-29
NA,SAN MARINO,NA,2020-03-30
NA,SAN MARINO,NA,2020-03-31
NA,SAN MARINO,NA,2020-04-01
NA,SAN MARINO,NA,2020-04-02
NA,SAN MARINO,NA,2020-04-03
NA,SAN MARINO,5,2020-04-04
NA,SAN MARINO,5,2020-04-05
NA,SAN MARINO,5,2020-04-06
NA,SAN MARINO,5,2020-04-07
NA,SAN MARINO,5,2020-04-08
NA,SAN MARINO,5,2020-04-09
NA,SAN MARINO,5,2020-04-10
NA,SAN MARINO,6,2020-04-11
NA,SAN MARINO,6,2020-04-12
UNINCORPORATED,SAN PASQUAL,0,2020-03-27
UNINCORPORATED,SAN PASQUAL,0,2020-03-28
UNINCORPORATED,SAN PASQUAL,0,2020-03-29
UNINCORPORATED,SAN PASQUAL,0,2020-03-30
UNINCORPORATED,SAN PASQUAL,0,2020-03-31
UNINCORPORATED,SAN PASQUAL,0,2020-04-01
UNINCORPORATED,SAN PASQUAL,0,2020-04-02
UNINCORPORATED,SAN PASQUAL,0,2020-04-03
UNINCORPORATED,SAN PASQUAL,0,2020-04-04
UNINCORPORATED,SAN PASQUAL,0,2020-04-05
UNINCORPORATED,SAN PASQUAL,0,2020-04-06
UNINCORPORATED,SAN PASQUAL,0,2020-04-07
UNINCORPORATED,SAN PASQUAL,0,2020-04-08
UNINCORPORATED,SAN PASQUAL,0,2020-04-09
UNINCORPORATED,SAN PASQUAL,0,2020-04-10
UNINCORPORATED,SAN PASQUAL,0,2020-04-11
UNINCORPORATED,SAN PASQUAL,0,2020-04-12
NA,SAN PEDRO,1,2020-03-16
NA,SAN PEDRO,1,2020-03-17
LOS ANGELES,SAN PEDRO,1,2020-03-18
NA,SAN PEDRO,1,2020-03-19
NA,SAN PEDRO,1,2020-03-20
NA,SAN PEDRO,1,2020-03-21
NA,SAN PEDRO,1,2020-03-22
NA,SAN PEDRO,2,2020-03-23
NA,SAN PEDRO,2,2020-03-24
NA,SAN PEDRO,4,2020-03-25
NA,SAN PEDRO,5,2020-03-26
LOS ANGELES,SAN PEDRO,8,2020-03-27
LOS ANGELES,SAN PEDRO,9,2020-03-28
LOS ANGELES,SAN PEDRO,10,2020-03-29
LOS ANGELES,SAN PEDRO,11,2020-03-30
LOS ANGELES,SAN PEDRO,14,2020-03-31
LOS ANGELES,SAN PEDRO,14,2020-04-01
LOS ANGELES,SAN PEDRO,19,2020-04-02
LOS ANGELES,SAN PEDRO,25,2020-04-03
LOS ANGELES,SAN PEDRO,25,2020-04-04
LOS ANGELES,SAN PEDRO,26,2020-04-05
LOS ANGELES,SAN PEDRO,31,2020-04-06
LOS ANGELES,SAN PEDRO,31,2020-04-07
LOS ANGELES,SAN PEDRO,36,2020-04-08
LOS ANGELES,SAN PEDRO,37,2020-04-09
LOS ANGELES,SAN PEDRO,39,2020-04-10
LOS ANGELES,SAN PEDRO,43,2020-04-11
LOS ANGELES,SAN PEDRO,45,2020-04-12
UNINCORPORATED,SAND CANYON,0,2020-03-27
UNINCORPORATED,SAND CANYON,0,2020-03-28
UNINCORPORATED,SAND CANYON,0,2020-03-29
UNINCORPORATED,SAND CANYON,0,2020-03-30
UNINCORPORATED,SAND CANYON,0,2020-03-31
UNINCORPORATED,SAND CANYON,0,2020-04-01
UNINCORPORATED,SAND CANYON,0,2020-04-02
UNINCORPORATED,SAND CANYON,0,2020-04-03
UNINCORPORATED,SAND CANYON,0,2020-04-04
UNINCORPORATED,SAND CANYON,0,2020-04-05
UNINCORPORATED,SAND CANYON,0,2020-04-06
UNINCORPORATED,SAND CANYON,0,2020-04-07
UNINCORPORATED,SAND CANYON,0,2020-04-08
UNINCORPORATED,SAND CANYON,0,2020-04-09
UNINCORPORATED,SAND CANYON,0,2020-04-10
UNINCORPORATED,SAND CANYON,0,2020-04-11
UNINCORPORATED,SAND CANYON,0,2020-04-12
UNINCORPORATED,SANTA CATALINA ISLAND,0,2020-03-27
UNINCORPORATED,SANTA CATALINA ISLAND,0,2020-03-28
UNINCORPORATED,SANTA CATALINA ISLAND,0,2020-03-29
UNINCORPORATED,SANTA CATALINA ISLAND,0,2020-03-30
UNINCORPORATED,SANTA CATALINA ISLAND,0,2020-03-31
UNINCORPORATED,SANTA CATALINA ISLAND,0,2020-04-01
UNINCORPORATED,SANTA CATALINA ISLAND,0,2020-04-02
UNINCORPORATED,SANTA CATALINA ISLAND,0,2020-04-03
UNINCORPORATED,SANTA CATALINA ISLAND,NA,2020-04-04
UNINCORPORATED,SANTA CATALINA ISLAND,NA,2020-04-05
UNINCORPORATED,SANTA CATALINA ISLAND,NA,2020-04-06
UNINCORPORATED,SANTA CATALINA ISLAND,NA,2020-04-07
UNINCORPORATED,SANTA CATALINA ISLAND,NA,2020-04-08
UNINCORPORATED,SANTA CATALINA ISLAND,NA,2020-04-09
UNINCORPORATED,SANTA CATALINA ISLAND,NA,2020-04-10
UNINCORPORATED,SANTA CATALINA ISLAND,NA,2020-04-11
UNINCORPORATED,SANTA CATALINA ISLAND,NA,2020-04-12
NA,SANTA CLARITA,2,2020-03-17
NA,SANTA CLARITA,2,2020-03-18
NA,SANTA CLARITA,3,2020-03-19
NA,SANTA CLARITA,4,2020-03-20
NA,SANTA CLARITA,4,2020-03-21
NA,SANTA CLARITA,4,2020-03-22
NA,SANTA CLARITA,7,2020-03-23
NA,SANTA CLARITA,7,2020-03-24
NA,SANTA CLARITA,10,2020-03-25
NA,SANTA CLARITA,16,2020-03-26
NA,SANTA CLARITA,24,2020-03-27
NA,SANTA CLARITA,32,2020-03-28
NA,SANTA CLARITA,38,2020-03-29
NA,SANTA CLARITA,41,2020-03-30
NA,SANTA CLARITA,48,2020-03-31
NA,SANTA CLARITA,50,2020-04-01
NA,SANTA CLARITA,65,2020-04-02
NA,SANTA CLARITA,78,2020-04-03
NA,SANTA CLARITA,89,2020-04-04
NA,SANTA CLARITA,102,2020-04-05
NA,SANTA CLARITA,106,2020-04-06
NA,SANTA CLARITA,112,2020-04-07
NA,SANTA CLARITA,122,2020-04-08
NA,SANTA CLARITA,126,2020-04-09
NA,SANTA CLARITA,130,2020-04-10
NA,SANTA CLARITA,135,2020-04-11
NA,SANTA CLARITA,143,2020-04-12
NA,SANTA CLARITA AND STEVENSON RANCH,3,2020-03-16
NA,SANTA FE SPRINGS,0,2020-03-27
NA,SANTA FE SPRINGS,0,2020-03-28
NA,SANTA FE SPRINGS,0,2020-03-29
NA,SANTA FE SPRINGS,0,2020-03-30
NA,SANTA FE SPRINGS,NA,2020-03-31
NA,SANTA FE SPRINGS,NA,2020-04-01
NA,SANTA FE SPRINGS,NA,2020-04-02
NA,SANTA FE SPRINGS,NA,2020-04-03
NA,SANTA FE SPRINGS,NA,2020-04-04
NA,SANTA FE SPRINGS,NA,2020-04-05
NA,SANTA FE SPRINGS,NA,2020-04-06
NA,SANTA FE SPRINGS,NA,2020-04-07
NA,SANTA FE SPRINGS,NA,2020-04-08
NA,SANTA FE SPRINGS,NA,2020-04-09
NA,SANTA FE SPRINGS,5,2020-04-10
NA,SANTA FE SPRINGS,6,2020-04-11
NA,SANTA FE SPRINGS,6,2020-04-12
NA,SANTA MONICA,1,2020-03-16
NA,SANTA MONICA,1,2020-03-17
NA,SANTA MONICA,3,2020-03-18
NA,SANTA MONICA,2,2020-03-19
NA,SANTA MONICA,4,2020-03-20
NA,SANTA MONICA,5,2020-03-21
NA,SANTA MONICA,7,2020-03-22
NA,SANTA MONICA,12,2020-03-23
NA,SANTA MONICA,16,2020-03-24
NA,SANTA MONICA,18,2020-03-25
NA,SANTA MONICA,21,2020-03-26
NA,SANTA MONICA,28,2020-03-27
NA,SANTA MONICA,38,2020-03-28
NA,SANTA MONICA,41,2020-03-29
NA,SANTA MONICA,47,2020-03-30
NA,SANTA MONICA,49,2020-03-31
NA,SANTA MONICA,53,2020-04-01
NA,SANTA MONICA,56,2020-04-02
NA,SANTA MONICA,62,2020-04-03
NA,SANTA MONICA,65,2020-04-04
NA,SANTA MONICA,68,2020-04-05
NA,SANTA MONICA,74,2020-04-06
NA,SANTA MONICA,77,2020-04-07
NA,SANTA MONICA,81,2020-04-08
NA,SANTA MONICA,82,2020-04-09
NA,SANTA MONICA,88,2020-04-10
NA,SANTA MONICA,90,2020-04-11
NA,SANTA MONICA,92,2020-04-12
NA,SANTA MONICA MOUNTAINS,2,2020-03-19
NA,SANTA MONICA MOUNTAINS,2,2020-03-20
NA,SANTA MONICA MOUNTAINS,3,2020-03-21
NA,SANTA MONICA MOUNTAINS,2,2020-03-22
NA,SANTA MONICA MOUNTAINS,2,2020-03-23
NA,SANTA MONICA MOUNTAINS,2,2020-03-24
NA,SANTA MONICA MOUNTAINS,3,2020-03-25
NA,SANTA MONICA MOUNTAINS,4,2020-03-26
UNINCORPORATED,SANTA MONICA MOUNTAINS,0,2020-03-27
UNINCORPORATED,SANTA MONICA MOUNTAINS,0,2020-03-28
UNINCORPORATED,SANTA MONICA MOUNTAINS,0,2020-03-29
UNINCORPORATED,SANTA MONICA MOUNTAINS,0,2020-03-30
UNINCORPORATED,SANTA MONICA MOUNTAINS,0,2020-03-31
UNINCORPORATED,SANTA MONICA MOUNTAINS,NA,2020-04-01
UNINCORPORATED,SANTA MONICA MOUNTAINS,NA,2020-04-02
UNINCORPORATED,SANTA MONICA MOUNTAINS,NA,2020-04-03
UNINCORPORATED,SANTA MONICA MOUNTAINS,NA,2020-04-04
UNINCORPORATED,SANTA MONICA MOUNTAINS,5,2020-04-05
UNINCORPORATED,SANTA MONICA MOUNTAINS,5,2020-04-06
UNINCORPORATED,SANTA MONICA MOUNTAINS,5,2020-04-07
UNINCORPORATED,SANTA MONICA MOUNTAINS,5,2020-04-08
UNINCORPORATED,SANTA MONICA MOUNTAINS,5,2020-04-09
UNINCORPORATED,SANTA MONICA MOUNTAINS,5,2020-04-10
UNINCORPORATED,SANTA MONICA MOUNTAINS,6,2020-04-11
UNINCORPORATED,SANTA MONICA MOUNTAINS,6,2020-04-12
UNINCORPORATED,SAUGUS,0,2020-03-27
UNINCORPORATED,SAUGUS,0,2020-03-28
UNINCORPORATED,SAUGUS,0,2020-03-29
UNINCORPORATED,SAUGUS,0,2020-03-30
UNINCORPORATED,SAUGUS,0,2020-03-31
UNINCORPORATED,SAUGUS,0,2020-04-01
UNINCORPORATED,SAUGUS,NA,2020-04-02
UNINCORPORATED,SAUGUS,NA,2020-04-03
UNINCORPORATED,SAUGUS,NA,2020-04-04
UNINCORPORATED,SAUGUS,NA,2020-04-05
UNINCORPORATED,SAUGUS,NA,2020-04-06
UNINCORPORATED,SAUGUS,NA,2020-04-07
UNINCORPORATED,SAUGUS,NA,2020-04-08
UNINCORPORATED,SAUGUS,NA,2020-04-09
UNINCORPORATED,SAUGUS,NA,2020-04-10
UNINCORPORATED,SAUGUS,NA,2020-04-11
UNINCORPORATED,SAUGUS,NA,2020-04-12
UNINCORPORATED,SAUGUS/CANYON COUNTRY,0,2020-03-27
UNINCORPORATED,SAUGUS/CANYON COUNTRY,0,2020-03-28
UNINCORPORATED,SAUGUS/CANYON COUNTRY,0,2020-03-29
UNINCORPORATED,SAUGUS/CANYON COUNTRY,0,2020-03-30
UNINCORPORATED,SAUGUS/CANYON COUNTRY,0,2020-03-31
UNINCORPORATED,SAUGUS/CANYON COUNTRY,0,2020-04-01
UNINCORPORATED,SAUGUS/CANYON COUNTRY,0,2020-04-02
UNINCORPORATED,SAUGUS/CANYON COUNTRY,0,2020-04-03
UNINCORPORATED,SAUGUS/CANYON COUNTRY,0,2020-04-04
UNINCORPORATED,SAUGUS/CANYON COUNTRY,0,2020-04-05
UNINCORPORATED,SAUGUS/CANYON COUNTRY,0,2020-04-06
UNINCORPORATED,SAUGUS/CANYON COUNTRY,0,2020-04-07
UNINCORPORATED,SAUGUS/CANYON COUNTRY,0,2020-04-08
UNINCORPORATED,SAUGUS/CANYON COUNTRY,0,2020-04-09
UNINCORPORATED,SAUGUS/CANYON COUNTRY,0,2020-04-10
UNINCORPORATED,SAUGUS/CANYON COUNTRY,0,2020-04-11
UNINCORPORATED,SAUGUS/CANYON COUNTRY,0,2020-04-12
LOS ANGELES,SHADOW HILLS,NA,2020-03-27
LOS ANGELES,SHADOW HILLS,NA,2020-03-28
LOS ANGELES,SHADOW HILLS,NA,2020-03-29
LOS ANGELES,SHADOW HILLS,NA,2020-03-30
LOS ANGELES,SHADOW HILLS,NA,2020-03-31
LOS ANGELES,SHADOW HILLS,NA,2020-04-01
LOS ANGELES,SHADOW HILLS,5,2020-04-02
LOS ANGELES,SHADOW HILLS,5,2020-04-03
LOS ANGELES,SHADOW HILLS,5,2020-04-04
LOS ANGELES,SHADOW HILLS,5,2020-04-05
LOS ANGELES,SHADOW HILLS,5,2020-04-06
LOS ANGELES,SHADOW HILLS,7,2020-04-07
LOS ANGELES,SHADOW HILLS,7,2020-04-08
LOS ANGELES,SHADOW HILLS,7,2020-04-09
LOS ANGELES,SHADOW HILLS,7,2020-04-10
LOS ANGELES,SHADOW HILLS,7,2020-04-11
LOS ANGELES,SHADOW HILLS,7,2020-04-12
NA,SHERMAN OAKS,2,2020-03-16
NA,SHERMAN OAKS,2,2020-03-17
LOS ANGELES,SHERMAN OAKS,4,2020-03-18
NA,SHERMAN OAKS,5,2020-03-19
NA,SHERMAN OAKS,6,2020-03-20
NA,SHERMAN OAKS,7,2020-03-21
NA,SHERMAN OAKS,7,2020-03-22
NA,SHERMAN OAKS,8,2020-03-23
NA,SHERMAN OAKS,10,2020-03-24
NA,SHERMAN OAKS,12,2020-03-25
NA,SHERMAN OAKS,17,2020-03-26
LOS ANGELES,SHERMAN OAKS,21,2020-03-27
LOS ANGELES,SHERMAN OAKS,25,2020-03-28
LOS ANGELES,SHERMAN OAKS,27,2020-03-29
LOS ANGELES,SHERMAN OAKS,32,2020-03-30
LOS ANGELES,SHERMAN OAKS,33,2020-03-31
LOS ANGELES,SHERMAN OAKS,37,2020-04-01
LOS ANGELES,SHERMAN OAKS,43,2020-04-02
LOS ANGELES,SHERMAN OAKS,46,2020-04-03
LOS ANGELES,SHERMAN OAKS,52,2020-04-04
LOS ANGELES,SHERMAN OAKS,56,2020-04-05
LOS ANGELES,SHERMAN OAKS,57,2020-04-06
LOS ANGELES,SHERMAN OAKS,61,2020-04-07
LOS ANGELES,SHERMAN OAKS,64,2020-04-08
LOS ANGELES,SHERMAN OAKS,69,2020-04-09
LOS ANGELES,SHERMAN OAKS,72,2020-04-10
LOS ANGELES,SHERMAN OAKS,76,2020-04-11
LOS ANGELES,SHERMAN OAKS,79,2020-04-12
NA,SIERRA MADRE,0,2020-03-27
NA,SIERRA MADRE,0,2020-03-28
NA,SIERRA MADRE,0,2020-03-29
NA,SIERRA MADRE,0,2020-03-30
NA,SIERRA MADRE,NA,2020-03-31
NA,SIERRA MADRE,NA,2020-04-01
NA,SIERRA MADRE,NA,2020-04-02
NA,SIERRA MADRE,NA,2020-04-03
NA,SIERRA MADRE,NA,2020-04-04
NA,SIERRA MADRE,NA,2020-04-05
NA,SIERRA MADRE,NA,2020-04-06
NA,SIERRA MADRE,NA,2020-04-07
NA,SIERRA MADRE,NA,2020-04-08
NA,SIERRA MADRE,NA,2020-04-09
NA,SIERRA MADRE,NA,2020-04-10
NA,SIERRA MADRE,NA,2020-04-11
NA,SIERRA MADRE,NA,2020-04-12
NA,SIGNAL HILL,NA,2020-03-27
NA,SIGNAL HILL,NA,2020-03-28
NA,SIGNAL HILL,NA,2020-03-29
NA,SIGNAL HILL,NA,2020-03-30
NA,SIGNAL HILL,NA,2020-03-31
NA,SIGNAL HILL,NA,2020-04-01
NA,SIGNAL HILL,NA,2020-04-02
NA,SIGNAL HILL,NA,2020-04-03
NA,SIGNAL HILL,NA,2020-04-04
NA,SIGNAL HILL,NA,2020-04-05
NA,SIGNAL HILL,NA,2020-04-06
NA,SIGNAL HILL,NA,2020-04-07
NA,SIGNAL HILL,NA,2020-04-08
NA,SIGNAL HILL,NA,2020-04-09
NA,SIGNAL HILL,NA,2020-04-10
NA,SIGNAL HILL,NA,2020-04-11
NA,SIGNAL HILL,NA,2020-04-12
NA,SILVERLAKE,1,2020-03-16
NA,SILVERLAKE,1,2020-03-17
LOS ANGELES,SILVERLAKE,1,2020-03-18
NA,SILVERLAKE,3,2020-03-21
NA,SILVERLAKE,3,2020-03-22
NA,SILVERLAKE,4,2020-03-23
NA,SILVERLAKE,5,2020-03-24
NA,SILVERLAKE,6,2020-03-25
NA,SILVERLAKE,11,2020-03-26
LOS ANGELES,SILVERLAKE,12,2020-03-27
LOS ANGELES,SILVERLAKE,14,2020-03-28
LOS ANGELES,SILVERLAKE,16,2020-03-29
LOS ANGELES,SILVERLAKE,18,2020-03-30
LOS ANGELES,SILVERLAKE,20,2020-03-31
LOS ANGELES,SILVERLAKE,25,2020-04-01
LOS ANGELES,SILVERLAKE,25,2020-04-02
LOS ANGELES,SILVERLAKE,38,2020-04-03
LOS ANGELES,SILVERLAKE,46,2020-04-04
LOS ANGELES,SILVERLAKE,55,2020-04-05
LOS ANGELES,SILVERLAKE,58,2020-04-06
LOS ANGELES,SILVERLAKE,61,2020-04-07
LOS ANGELES,SILVERLAKE,64,2020-04-08
LOS ANGELES,SILVERLAKE,70,2020-04-09
LOS ANGELES,SILVERLAKE,71,2020-04-10
LOS ANGELES,SILVERLAKE,74,2020-04-11
LOS ANGELES,SILVERLAKE,76,2020-04-12
UNINCORPORATED,SOUTH ANTELOPE VALLEY,0,2020-03-27
UNINCORPORATED,SOUTH ANTELOPE VALLEY,0,2020-03-28
UNINCORPORATED,SOUTH ANTELOPE VALLEY,0,2020-03-29
UNINCORPORATED,SOUTH ANTELOPE VALLEY,0,2020-03-30
UNINCORPORATED,SOUTH ANTELOPE VALLEY,0,2020-03-31
UNINCORPORATED,SOUTH ANTELOPE VALLEY,0,2020-04-01
UNINCORPORATED,SOUTH ANTELOPE VALLEY,0,2020-04-02
UNINCORPORATED,SOUTH ANTELOPE VALLEY,0,2020-04-03
UNINCORPORATED,SOUTH ANTELOPE VALLEY,0,2020-04-04
UNINCORPORATED,SOUTH ANTELOPE VALLEY,0,2020-04-05
UNINCORPORATED,SOUTH ANTELOPE VALLEY,0,2020-04-06
UNINCORPORATED,SOUTH ANTELOPE VALLEY,0,2020-04-07
UNINCORPORATED,SOUTH ANTELOPE VALLEY,0,2020-04-08
UNINCORPORATED,SOUTH ANTELOPE VALLEY,0,2020-04-09
UNINCORPORATED,SOUTH ANTELOPE VALLEY,0,2020-04-10
UNINCORPORATED,SOUTH ANTELOPE VALLEY,0,2020-04-11
UNINCORPORATED,SOUTH ANTELOPE VALLEY,0,2020-04-12
LOS ANGELES,SOUTH CARTHAY,5,2020-03-27
LOS ANGELES,SOUTH CARTHAY,5,2020-03-28
LOS ANGELES,SOUTH CARTHAY,6,2020-03-29
LOS ANGELES,SOUTH CARTHAY,8,2020-03-30
LOS ANGELES,SOUTH CARTHAY,8,2020-03-31
LOS ANGELES,SOUTH CARTHAY,9,2020-04-01
LOS ANGELES,SOUTH CARTHAY,14,2020-04-02
LOS ANGELES,SOUTH CARTHAY,17,2020-04-03
LOS ANGELES,SOUTH CARTHAY,17,2020-04-04
LOS ANGELES,SOUTH CARTHAY,20,2020-04-05
LOS ANGELES,SOUTH CARTHAY,19,2020-04-06
LOS ANGELES,SOUTH CARTHAY,20,2020-04-07
LOS ANGELES,SOUTH CARTHAY,20,2020-04-08
LOS ANGELES,SOUTH CARTHAY,20,2020-04-09
LOS ANGELES,SOUTH CARTHAY,20,2020-04-10
LOS ANGELES,SOUTH CARTHAY,20,2020-04-11
LOS ANGELES,SOUTH CARTHAY,20,2020-04-12
UNINCORPORATED,SOUTH EDWARDS,0,2020-03-28
UNINCORPORATED,SOUTH EDWARDS,0,2020-03-29
UNINCORPORATED,SOUTH EDWARDS,0,2020-03-30
UNINCORPORATED,SOUTH EDWARDS,0,2020-03-31
UNINCORPORATED,SOUTH EDWARDS,0,2020-04-01
UNINCORPORATED,SOUTH EDWARDS,0,2020-04-02
UNINCORPORATED,SOUTH EDWARDS,0,2020-04-03
UNINCORPORATED,SOUTH EDWARDS,0,2020-04-04
UNINCORPORATED,SOUTH EDWARDS,0,2020-04-05
UNINCORPORATED,SOUTH EDWARDS,0,2020-04-06
UNINCORPORATED,SOUTH EDWARDS,0,2020-04-07
UNINCORPORATED,SOUTH EDWARDS,0,2020-04-08
UNINCORPORATED,SOUTH EDWARDS,0,2020-04-09
UNINCORPORATED,SOUTH EDWARDS,0,2020-04-10
UNINCORPORATED,SOUTH EDWARDS,0,2020-04-11
UNINCORPORATED,SOUTH EDWARDS,0,2020-04-12
NA,SOUTH EL MONTE,1,2020-03-19
NA,SOUTH EL MONTE,1,2020-03-20
NA,SOUTH EL MONTE,1,2020-03-21
NA,SOUTH EL MONTE,1,2020-03-22
NA,SOUTH EL MONTE,1,2020-03-23
NA,SOUTH EL MONTE,1,2020-03-24
NA,SOUTH EL MONTE,3,2020-03-25
NA,SOUTH EL MONTE,4,2020-03-26
NA,SOUTH EL MONTE,0,2020-03-27
UNINCORPORATED,SOUTH EL MONTE,0,2020-03-27
NA,SOUTH EL MONTE,0,2020-03-28
UNINCORPORATED,SOUTH EL MONTE,0,2020-03-28
NA,SOUTH EL MONTE,0,2020-03-29
UNINCORPORATED,SOUTH EL MONTE,0,2020-03-29
NA,SOUTH EL MONTE,0,2020-03-30
UNINCORPORATED,SOUTH EL MONTE,0,2020-03-30
NA,SOUTH EL MONTE,0,2020-03-31
UNINCORPORATED,SOUTH EL MONTE,0,2020-03-31
NA,SOUTH EL MONTE,0,2020-04-01
UNINCORPORATED,SOUTH EL MONTE,0,2020-04-01
NA,SOUTH EL MONTE,0,2020-04-02
UNINCORPORATED,SOUTH EL MONTE,0,2020-04-02
NA,SOUTH EL MONTE,NA,2020-04-03
UNINCORPORATED,SOUTH EL MONTE,0,2020-04-03
NA,SOUTH EL MONTE,NA,2020-04-04
UNINCORPORATED,SOUTH EL MONTE,0,2020-04-04
NA,SOUTH EL MONTE,NA,2020-04-05
UNINCORPORATED,SOUTH EL MONTE,0,2020-04-05
NA,SOUTH EL MONTE,NA,2020-04-06
UNINCORPORATED,SOUTH EL MONTE,0,2020-04-06
NA,SOUTH EL MONTE,NA,2020-04-07
UNINCORPORATED,SOUTH EL MONTE,0,2020-04-07
NA,SOUTH EL MONTE,NA,2020-04-08
UNINCORPORATED,SOUTH EL MONTE,0,2020-04-08
NA,SOUTH EL MONTE,NA,2020-04-09
UNINCORPORATED,SOUTH EL MONTE,0,2020-04-09
NA,SOUTH EL MONTE,NA,2020-04-10
UNINCORPORATED,SOUTH EL MONTE,0,2020-04-10
NA,SOUTH EL MONTE,NA,2020-04-11
UNINCORPORATED,SOUTH EL MONTE,0,2020-04-11
NA,SOUTH EL MONTE,NA,2020-04-12
UNINCORPORATED,SOUTH EL MONTE,NA,2020-04-12
NA,SOUTH GATE,1,2020-03-22
NA,SOUTH GATE,1,2020-03-23
NA,SOUTH GATE,1,2020-03-24
NA,SOUTH GATE,2,2020-03-25
NA,SOUTH GATE,4,2020-03-26
NA,SOUTH GATE,4,2020-03-27
NA,SOUTH GATE,11,2020-03-28
NA,SOUTH GATE,12,2020-03-29
NA,SOUTH GATE,14,2020-03-30
NA,SOUTH GATE,19,2020-03-31
NA,SOUTH GATE,25,2020-04-01
NA,SOUTH GATE,30,2020-04-02
NA,SOUTH GATE,35,2020-04-03
NA,SOUTH GATE,42,2020-04-04
NA,SOUTH GATE,52,2020-04-05
NA,SOUTH GATE,58,2020-04-06
NA,SOUTH GATE,69,2020-04-07
NA,SOUTH GATE,76,2020-04-08
NA,SOUTH GATE,79,2020-04-09
NA,SOUTH GATE,88,2020-04-10
NA,SOUTH GATE,93,2020-04-11
NA,SOUTH GATE,96,2020-04-12
NA,SOUTH PARK,1,2020-03-23
NA,SOUTH PARK,1,2020-03-24
NA,SOUTH PARK,1,2020-03-25
NA,SOUTH PARK,2,2020-03-26
LOS ANGELES,SOUTH PARK,3,2020-03-27
LOS ANGELES,SOUTH PARK,4,2020-03-28
LOS ANGELES,SOUTH PARK,4,2020-03-29
LOS ANGELES,SOUTH PARK,4,2020-03-30
LOS ANGELES,SOUTH PARK,5,2020-03-31
LOS ANGELES,SOUTH PARK,11,2020-04-01
LOS ANGELES,SOUTH PARK,12,2020-04-02
LOS ANGELES,SOUTH PARK,15,2020-04-03
LOS ANGELES,SOUTH PARK,17,2020-04-04
LOS ANGELES,SOUTH PARK,22,2020-04-05
LOS ANGELES,SOUTH PARK,23,2020-04-06
LOS ANGELES,SOUTH PARK,26,2020-04-07
LOS ANGELES,SOUTH PARK,27,2020-04-08
LOS ANGELES,SOUTH PARK,34,2020-04-09
LOS ANGELES,SOUTH PARK,36,2020-04-10
LOS ANGELES,SOUTH PARK,39,2020-04-11
LOS ANGELES,SOUTH PARK,39,2020-04-12
NA,SOUTH PASADENA,1,2020-03-16
NA,SOUTH PASADENA,1,2020-03-17
NA,SOUTH PASADENA,1,2020-03-18
NA,SOUTH PASADENA,1,2020-03-19
NA,SOUTH PASADENA,2,2020-03-20
NA,SOUTH PASADENA,2,2020-03-21
NA,SOUTH PASADENA,3,2020-03-22
NA,SOUTH PASADENA,3,2020-03-23
NA,SOUTH PASADENA,3,2020-03-24
NA,SOUTH PASADENA,3,2020-03-25
NA,SOUTH PASADENA,4,2020-03-26
NA,SOUTH PASADENA,3,2020-03-27
NA,SOUTH PASADENA,3,2020-03-28
NA,SOUTH PASADENA,5,2020-03-29
NA,SOUTH PASADENA,5,2020-03-30
NA,SOUTH PASADENA,6,2020-03-31
NA,SOUTH PASADENA,7,2020-04-01
NA,SOUTH PASADENA,7,2020-04-02
NA,SOUTH PASADENA,7,2020-04-03
NA,SOUTH PASADENA,9,2020-04-04
NA,SOUTH PASADENA,10,2020-04-05
NA,SOUTH PASADENA,10,2020-04-06
NA,SOUTH PASADENA,11,2020-04-07
NA,SOUTH PASADENA,11,2020-04-08
NA,SOUTH PASADENA,12,2020-04-09
NA,SOUTH PASADENA,12,2020-04-10
NA,SOUTH PASADENA,15,2020-04-11
NA,SOUTH PASADENA,15,2020-04-12
UNINCORPORATED,SOUTH SAN GABRIEL,0,2020-03-27
UNINCORPORATED,SOUTH SAN GABRIEL,0,2020-03-28
UNINCORPORATED,SOUTH SAN GABRIEL,0,2020-03-29
UNINCORPORATED,SOUTH SAN GABRIEL,0,2020-03-30
UNINCORPORATED,SOUTH SAN GABRIEL,0,2020-03-31
UNINCORPORATED,SOUTH SAN GABRIEL,5,2020-04-01
UNINCORPORATED,SOUTH SAN GABRIEL,5,2020-04-02
UNINCORPORATED,SOUTH SAN GABRIEL,5,2020-04-03
UNINCORPORATED,SOUTH SAN GABRIEL,5,2020-04-04
UNINCORPORATED,SOUTH SAN GABRIEL,5,2020-04-05
UNINCORPORATED,SOUTH SAN GABRIEL,6,2020-04-06
UNINCORPORATED,SOUTH SAN GABRIEL,6,2020-04-07
UNINCORPORATED,SOUTH SAN GABRIEL,6,2020-04-08
UNINCORPORATED,SOUTH SAN GABRIEL,7,2020-04-09
UNINCORPORATED,SOUTH SAN GABRIEL,7,2020-04-10
UNINCORPORATED,SOUTH SAN GABRIEL,7,2020-04-11
UNINCORPORATED,SOUTH SAN GABRIEL,7,2020-04-12
NA,SOUTH WHITTIER,1,2020-03-20
NA,SOUTH WHITTIER,1,2020-03-21
NA,SOUTH WHITTIER,1,2020-03-22
NA,SOUTH WHITTIER,2,2020-03-23
NA,SOUTH WHITTIER,2,2020-03-24
NA,SOUTH WHITTIER,3,2020-03-25
NA,SOUTH WHITTIER,4,2020-03-26
UNINCORPORATED,SOUTH WHITTIER,3,2020-03-27
UNINCORPORATED,SOUTH WHITTIER,5,2020-03-28
UNINCORPORATED,SOUTH WHITTIER,5,2020-03-29
UNINCORPORATED,SOUTH WHITTIER,5,2020-03-30
UNINCORPORATED,SOUTH WHITTIER,7,2020-03-31
UNINCORPORATED,SOUTH WHITTIER,8,2020-04-01
UNINCORPORATED,SOUTH WHITTIER,9,2020-04-02
UNINCORPORATED,SOUTH WHITTIER,11,2020-04-03
UNINCORPORATED,SOUTH WHITTIER,13,2020-04-04
UNINCORPORATED,SOUTH WHITTIER,15,2020-04-05
UNINCORPORATED,SOUTH WHITTIER,17,2020-04-06
UNINCORPORATED,SOUTH WHITTIER,18,2020-04-07
UNINCORPORATED,SOUTH WHITTIER,22,2020-04-08
UNINCORPORATED,SOUTH WHITTIER,25,2020-04-09
UNINCORPORATED,SOUTH WHITTIER,25,2020-04-10
UNINCORPORATED,SOUTH WHITTIER,29,2020-04-11
UNINCORPORATED,SOUTH WHITTIER,29,2020-04-12
UNINCORPORATED,SOUTHEAST ANTELOPE VALLEY,0,2020-03-27
UNINCORPORATED,SOUTHEAST ANTELOPE VALLEY,0,2020-03-28
UNINCORPORATED,SOUTHEAST ANTELOPE VALLEY,0,2020-03-29
UNINCORPORATED,SOUTHEAST ANTELOPE VALLEY,0,2020-03-30
UNINCORPORATED,SOUTHEAST ANTELOPE VALLEY,0,2020-03-31
UNINCORPORATED,SOUTHEAST ANTELOPE VALLEY,0,2020-04-01
UNINCORPORATED,SOUTHEAST ANTELOPE VALLEY,0,2020-04-02
UNINCORPORATED,SOUTHEAST ANTELOPE VALLEY,0,2020-04-03
UNINCORPORATED,SOUTHEAST ANTELOPE VALLEY,0,2020-04-04
UNINCORPORATED,SOUTHEAST ANTELOPE VALLEY,0,2020-04-05
UNINCORPORATED,SOUTHEAST ANTELOPE VALLEY,0,2020-04-06
UNINCORPORATED,SOUTHEAST ANTELOPE VALLEY,0,2020-04-07
UNINCORPORATED,SOUTHEAST ANTELOPE VALLEY,0,2020-04-08
UNINCORPORATED,SOUTHEAST ANTELOPE VALLEY,0,2020-04-09
UNINCORPORATED,SOUTHEAST ANTELOPE VALLEY,0,2020-04-10
UNINCORPORATED,SOUTHEAST ANTELOPE VALLEY,0,2020-04-11
UNINCORPORATED,SOUTHEAST ANTELOPE VALLEY,0,2020-04-12
LOS ANGELES,ST ELMO VILLAGE,0,2020-03-27
LOS ANGELES,ST ELMO VILLAGE,0,2020-03-28
LOS ANGELES,ST ELMO VILLAGE,0,2020-03-29
LOS ANGELES,ST ELMO VILLAGE,0,2020-03-30
LOS ANGELES,ST ELMO VILLAGE,0,2020-03-31
LOS ANGELES,ST ELMO VILLAGE,0,2020-04-01
LOS ANGELES,ST ELMO VILLAGE,0,2020-04-02
LOS ANGELES,ST ELMO VILLAGE,0,2020-04-03
LOS ANGELES,ST ELMO VILLAGE,0,2020-04-04
LOS ANGELES,ST ELMO VILLAGE,NA,2020-04-05
LOS ANGELES,ST ELMO VILLAGE,NA,2020-04-06
LOS ANGELES,ST ELMO VILLAGE,NA,2020-04-07
LOS ANGELES,ST ELMO VILLAGE,NA,2020-04-08
LOS ANGELES,ST ELMO VILLAGE,NA,2020-04-09
LOS ANGELES,ST ELMO VILLAGE,NA,2020-04-10
LOS ANGELES,ST ELMO VILLAGE,NA,2020-04-11
LOS ANGELES,ST ELMO VILLAGE,NA,2020-04-12
NA,STEVENSON RANCH,1,2020-03-19
NA,STEVENSON RANCH,1,2020-03-20
NA,STEVENSON RANCH,1,2020-03-21
NA,STEVENSON RANCH,1,2020-03-22
NA,STEVENSON RANCH,2,2020-03-23
NA,STEVENSON RANCH,2,2020-03-24
NA,STEVENSON RANCH,2,2020-03-25
NA,STEVENSON RANCH,3,2020-03-26
UNINCORPORATED,STEVENSON RANCH,NA,2020-03-27
UNINCORPORATED,STEVENSON RANCH,NA,2020-03-28
UNINCORPORATED,STEVENSON RANCH,NA,2020-03-29
UNINCORPORATED,STEVENSON RANCH,NA,2020-03-30
UNINCORPORATED,STEVENSON RANCH,NA,2020-03-31
UNINCORPORATED,STEVENSON RANCH,NA,2020-04-01
UNINCORPORATED,STEVENSON RANCH,5,2020-04-02
UNINCORPORATED,STEVENSON RANCH,6,2020-04-03
UNINCORPORATED,STEVENSON RANCH,7,2020-04-04
UNINCORPORATED,STEVENSON RANCH,7,2020-04-05
UNINCORPORATED,STEVENSON RANCH,8,2020-04-06
UNINCORPORATED,STEVENSON RANCH,8,2020-04-07
UNINCORPORATED,STEVENSON RANCH,10,2020-04-08
UNINCORPORATED,STEVENSON RANCH,10,2020-04-09
UNINCORPORATED,STEVENSON RANCH,11,2020-04-10
UNINCORPORATED,STEVENSON RANCH,11,2020-04-11
UNINCORPORATED,STEVENSON RANCH,11,2020-04-12
NA,STUDIO CITY,3,2020-03-19
NA,STUDIO CITY,3,2020-03-20
NA,STUDIO CITY,4,2020-03-21
NA,STUDIO CITY,4,2020-03-22
NA,STUDIO CITY,7,2020-03-23
NA,STUDIO CITY,7,2020-03-24
NA,STUDIO CITY,7,2020-03-25
NA,STUDIO CITY,11,2020-03-26
LOS ANGELES,STUDIO CITY,10,2020-03-27
LOS ANGELES,STUDIO CITY,10,2020-03-28
LOS ANGELES,STUDIO CITY,14,2020-03-29
LOS ANGELES,STUDIO CITY,15,2020-03-30
LOS ANGELES,STUDIO CITY,18,2020-03-31
LOS ANGELES,STUDIO CITY,19,2020-04-01
LOS ANGELES,STUDIO CITY,19,2020-04-02
LOS ANGELES,STUDIO CITY,19,2020-04-03
LOS ANGELES,STUDIO CITY,19,2020-04-04
LOS ANGELES,STUDIO CITY,21,2020-04-05
LOS ANGELES,STUDIO CITY,21,2020-04-06
LOS ANGELES,STUDIO CITY,22,2020-04-07
LOS ANGELES,STUDIO CITY,22,2020-04-08
LOS ANGELES,STUDIO CITY,22,2020-04-09
LOS ANGELES,STUDIO CITY,22,2020-04-10
LOS ANGELES,STUDIO CITY,22,2020-04-11
LOS ANGELES,STUDIO CITY,21,2020-04-12
NA,SUN VALLEY,1,2020-03-21
NA,SUN VALLEY,1,2020-03-22
NA,SUN VALLEY,2,2020-03-23
NA,SUN VALLEY,2,2020-03-24
NA,SUN VALLEY,2,2020-03-25
NA,SUN VALLEY,2,2020-03-26
LOS ANGELES,SUN VALLEY,3,2020-03-27
LOS ANGELES,SUN VALLEY,5,2020-03-28
LOS ANGELES,SUN VALLEY,6,2020-03-29
LOS ANGELES,SUN VALLEY,6,2020-03-30
LOS ANGELES,SUN VALLEY,8,2020-03-31
LOS ANGELES,SUN VALLEY,9,2020-04-01
LOS ANGELES,SUN VALLEY,10,2020-04-02
LOS ANGELES,SUN VALLEY,11,2020-04-03
LOS ANGELES,SUN VALLEY,13,2020-04-04
LOS ANGELES,SUN VALLEY,18,2020-04-05
LOS ANGELES,SUN VALLEY,22,2020-04-06
LOS ANGELES,SUN VALLEY,23,2020-04-07
LOS ANGELES,SUN VALLEY,26,2020-04-08
LOS ANGELES,SUN VALLEY,28,2020-04-09
LOS ANGELES,SUN VALLEY,28,2020-04-10
LOS ANGELES,SUN VALLEY,29,2020-04-11
LOS ANGELES,SUN VALLEY,32,2020-04-12
UNINCORPORATED,SUN VILLAGE,0,2020-03-27
UNINCORPORATED,SUN VILLAGE,0,2020-03-28
UNINCORPORATED,SUN VILLAGE,0,2020-03-29
UNINCORPORATED,SUN VILLAGE,0,2020-03-30
UNINCORPORATED,SUN VILLAGE,NA,2020-03-31
UNINCORPORATED,SUN VILLAGE,NA,2020-04-01
UNINCORPORATED,SUN VILLAGE,NA,2020-04-02
UNINCORPORATED,SUN VILLAGE,NA,2020-04-03
UNINCORPORATED,SUN VILLAGE,NA,2020-04-04
UNINCORPORATED,SUN VILLAGE,NA,2020-04-05
UNINCORPORATED,SUN VILLAGE,NA,2020-04-06
UNINCORPORATED,SUN VILLAGE,NA,2020-04-07
UNINCORPORATED,SUN VILLAGE,NA,2020-04-08
UNINCORPORATED,SUN VILLAGE,NA,2020-04-09
UNINCORPORATED,SUN VILLAGE,NA,2020-04-10
UNINCORPORATED,SUN VILLAGE,NA,2020-04-11
UNINCORPORATED,SUN VILLAGE,NA,2020-04-12
NA,SUNLAND,1,2020-03-21
NA,SUNLAND,1,2020-03-22
NA,SUNLAND,1,2020-03-23
NA,SUNLAND,1,2020-03-24
NA,SUNLAND,1,2020-03-25
NA,SUNLAND,1,2020-03-26
LOS ANGELES,SUNLAND,0,2020-03-27
LOS ANGELES,SUNLAND,NA,2020-03-28
LOS ANGELES,SUNLAND,NA,2020-03-29
LOS ANGELES,SUNLAND,NA,2020-03-30
LOS ANGELES,SUNLAND,5,2020-03-31
LOS ANGELES,SUNLAND,8,2020-04-01
LOS ANGELES,SUNLAND,9,2020-04-02
LOS ANGELES,SUNLAND,10,2020-04-03
LOS ANGELES,SUNLAND,10,2020-04-04
LOS ANGELES,SUNLAND,13,2020-04-05
LOS ANGELES,SUNLAND,14,2020-04-06
LOS ANGELES,SUNLAND,18,2020-04-07
LOS ANGELES,SUNLAND,21,2020-04-08
LOS ANGELES,SUNLAND,24,2020-04-09
LOS ANGELES,SUNLAND,30,2020-04-10
LOS ANGELES,SUNLAND,29,2020-04-11
LOS ANGELES,SUNLAND,31,2020-04-12
UNINCORPORATED,SUNRISE VILLAGE,0,2020-03-27
UNINCORPORATED,SUNRISE VILLAGE,0,2020-03-28
UNINCORPORATED,SUNRISE VILLAGE,0,2020-03-29
UNINCORPORATED,SUNRISE VILLAGE,0,2020-03-30
UNINCORPORATED,SUNRISE VILLAGE,0,2020-03-31
UNINCORPORATED,SUNRISE VILLAGE,0,2020-04-01
UNINCORPORATED,SUNRISE VILLAGE,0,2020-04-02
UNINCORPORATED,SUNRISE VILLAGE,0,2020-04-03
UNINCORPORATED,SUNRISE VILLAGE,0,2020-04-04
UNINCORPORATED,SUNRISE VILLAGE,0,2020-04-05
UNINCORPORATED,SUNRISE VILLAGE,0,2020-04-06
UNINCORPORATED,SUNRISE VILLAGE,NA,2020-04-07
UNINCORPORATED,SUNRISE VILLAGE,NA,2020-04-08
UNINCORPORATED,SUNRISE VILLAGE,NA,2020-04-09
UNINCORPORATED,SUNRISE VILLAGE,NA,2020-04-10
UNINCORPORATED,SUNRISE VILLAGE,NA,2020-04-11
UNINCORPORATED,SUNRISE VILLAGE,NA,2020-04-12
LOS ANGELES,SYCAMORE SQUARE,0,2020-03-27
LOS ANGELES,SYCAMORE SQUARE,0,2020-03-28
LOS ANGELES,SYCAMORE SQUARE,0,2020-03-29
LOS ANGELES,SYCAMORE SQUARE,0,2020-03-30
LOS ANGELES,SYCAMORE SQUARE,0,2020-03-31
LOS ANGELES,SYCAMORE SQUARE,0,2020-04-01
LOS ANGELES,SYCAMORE SQUARE,0,2020-04-02
LOS ANGELES,SYCAMORE SQUARE,0,2020-04-03
LOS ANGELES,SYCAMORE SQUARE,0,2020-04-04
LOS ANGELES,SYCAMORE SQUARE,0,2020-04-05
LOS ANGELES,SYCAMORE SQUARE,0,2020-04-06
LOS ANGELES,SYCAMORE SQUARE,0,2020-04-07
LOS ANGELES,SYCAMORE SQUARE,0,2020-04-08
LOS ANGELES,SYCAMORE SQUARE,0,2020-04-09
LOS ANGELES,SYCAMORE SQUARE,0,2020-04-10
LOS ANGELES,SYCAMORE SQUARE,0,2020-04-11
LOS ANGELES,SYCAMORE SQUARE,0,2020-04-12
LOS ANGELES,SYLMAR,1,2020-03-18
NA,SYLMAR,1,2020-03-19
NA,SYLMAR,1,2020-03-20
NA,SYLMAR,1,2020-03-21
NA,SYLMAR,1,2020-03-22
NA,SYLMAR,1,2020-03-23
NA,SYLMAR,1,2020-03-24
NA,SYLMAR,1,2020-03-25
NA,SYLMAR,2,2020-03-26
LOS ANGELES,SYLMAR,4,2020-03-27
LOS ANGELES,SYLMAR,8,2020-03-28
LOS ANGELES,SYLMAR,15,2020-03-29
LOS ANGELES,SYLMAR,18,2020-03-30
LOS ANGELES,SYLMAR,25,2020-03-31
LOS ANGELES,SYLMAR,30,2020-04-01
LOS ANGELES,SYLMAR,35,2020-04-02
LOS ANGELES,SYLMAR,42,2020-04-03
LOS ANGELES,SYLMAR,52,2020-04-04
LOS ANGELES,SYLMAR,61,2020-04-05
LOS ANGELES,SYLMAR,70,2020-04-06
LOS ANGELES,SYLMAR,81,2020-04-07
LOS ANGELES,SYLMAR,86,2020-04-08
LOS ANGELES,SYLMAR,89,2020-04-09
LOS ANGELES,SYLMAR,91,2020-04-10
LOS ANGELES,SYLMAR,97,2020-04-11
LOS ANGELES,SYLMAR,105,2020-04-12
NA,TARZANA,5,2020-03-16
NA,TARZANA,5,2020-03-17
LOS ANGELES,TARZANA,5,2020-03-18
NA,TARZANA,5,2020-03-19
NA,TARZANA,6,2020-03-20
NA,TARZANA,7,2020-03-21
NA,TARZANA,8,2020-03-22
NA,TARZANA,8,2020-03-23
NA,TARZANA,9,2020-03-24
NA,TARZANA,9,2020-03-25
NA,TARZANA,14,2020-03-26
LOS ANGELES,TARZANA,17,2020-03-27
LOS ANGELES,TARZANA,19,2020-03-28
LOS ANGELES,TARZANA,23,2020-03-29
LOS ANGELES,TARZANA,24,2020-03-30
LOS ANGELES,TARZANA,26,2020-03-31
LOS ANGELES,TARZANA,29,2020-04-01
LOS ANGELES,TARZANA,29,2020-04-02
LOS ANGELES,TARZANA,30,2020-04-03
LOS ANGELES,TARZANA,33,2020-04-04
LOS ANGELES,TARZANA,37,2020-04-05
LOS ANGELES,TARZANA,37,2020-04-06
LOS ANGELES,TARZANA,38,2020-04-07
LOS ANGELES,TARZANA,38,2020-04-08
LOS ANGELES,TARZANA,42,2020-04-09
LOS ANGELES,TARZANA,44,2020-04-10
LOS ANGELES,TARZANA,44,2020-04-11
LOS ANGELES,TARZANA,44,2020-04-12
NA,TEMPLE,1,2020-03-22
NA,TEMPLE,1,2020-03-23
NA,TEMPLE,1,2020-03-24
NA,TEMPLE,3,2020-03-25
NA,TEMPLE,6,2020-03-26
NA,TEMPLE CITY,0,2020-03-27
NA,TEMPLE CITY,1,2020-03-28
NA,TEMPLE CITY,2,2020-03-29
NA,TEMPLE CITY,1,2020-03-30
NA,TEMPLE CITY,1,2020-03-31
NA,TEMPLE CITY,1,2020-04-01
NA,TEMPLE CITY,1,2020-04-02
NA,TEMPLE CITY,3,2020-04-03
NA,TEMPLE CITY,5,2020-04-04
NA,TEMPLE CITY,9,2020-04-05
NA,TEMPLE CITY,11,2020-04-06
NA,TEMPLE CITY,11,2020-04-07
NA,TEMPLE CITY,11,2020-04-08
NA,TEMPLE CITY,11,2020-04-09
NA,TEMPLE CITY,11,2020-04-10
NA,TEMPLE CITY,12,2020-04-11
NA,TEMPLE CITY,12,2020-04-12
LOS ANGELES,TEMPLE-BEAUDRY,5,2020-03-27
LOS ANGELES,TEMPLE-BEAUDRY,5,2020-03-28
LOS ANGELES,TEMPLE-BEAUDRY,5,2020-03-29
LOS ANGELES,TEMPLE-BEAUDRY,8,2020-03-30
LOS ANGELES,TEMPLE-BEAUDRY,10,2020-03-31
LOS ANGELES,TEMPLE-BEAUDRY,11,2020-04-01
LOS ANGELES,TEMPLE-BEAUDRY,12,2020-04-02
LOS ANGELES,TEMPLE-BEAUDRY,15,2020-04-03
LOS ANGELES,TEMPLE-BEAUDRY,18,2020-04-04
LOS ANGELES,TEMPLE-BEAUDRY,24,2020-04-05
LOS ANGELES,TEMPLE-BEAUDRY,27,2020-04-06
LOS ANGELES,TEMPLE-BEAUDRY,33,2020-04-07
LOS ANGELES,TEMPLE-BEAUDRY,37,2020-04-08
LOS ANGELES,TEMPLE-BEAUDRY,37,2020-04-09
LOS ANGELES,TEMPLE-BEAUDRY,48,2020-04-10
LOS ANGELES,TEMPLE-BEAUDRY,53,2020-04-11
LOS ANGELES,TEMPLE-BEAUDRY,53,2020-04-12
LOS ANGELES,THAI TOWN,NA,2020-03-27
LOS ANGELES,THAI TOWN,NA,2020-03-28
LOS ANGELES,THAI TOWN,NA,2020-03-29
LOS ANGELES,THAI TOWN,NA,2020-03-30
LOS ANGELES,THAI TOWN,NA,2020-03-31
LOS ANGELES,THAI TOWN,NA,2020-04-01
LOS ANGELES,THAI TOWN,NA,2020-04-02
LOS ANGELES,THAI TOWN,NA,2020-04-03
LOS ANGELES,THAI TOWN,5,2020-04-04
LOS ANGELES,THAI TOWN,5,2020-04-05
LOS ANGELES,THAI TOWN,5,2020-04-06
LOS ANGELES,THAI TOWN,6,2020-04-07
LOS ANGELES,THAI TOWN,8,2020-04-08
LOS ANGELES,THAI TOWN,10,2020-04-09
LOS ANGELES,THAI TOWN,9,2020-04-10
LOS ANGELES,THAI TOWN,10,2020-04-11
LOS ANGELES,THAI TOWN,10,2020-04-12
LOS ANGELES,TOLUCA LAKE,NA,2020-03-27
LOS ANGELES,TOLUCA LAKE,NA,2020-03-28
LOS ANGELES,TOLUCA LAKE,NA,2020-03-29
LOS ANGELES,TOLUCA LAKE,NA,2020-03-30
LOS ANGELES,TOLUCA LAKE,NA,2020-03-31
LOS ANGELES,TOLUCA LAKE,NA,2020-04-01
LOS ANGELES,TOLUCA LAKE,NA,2020-04-02
LOS ANGELES,TOLUCA LAKE,5,2020-04-03
LOS ANGELES,TOLUCA LAKE,6,2020-04-04
LOS ANGELES,TOLUCA LAKE,6,2020-04-05
LOS ANGELES,TOLUCA LAKE,6,2020-04-06
LOS ANGELES,TOLUCA LAKE,6,2020-04-07
LOS ANGELES,TOLUCA LAKE,6,2020-04-08
LOS ANGELES,TOLUCA LAKE,6,2020-04-09
LOS ANGELES,TOLUCA LAKE,7,2020-04-10
LOS ANGELES,TOLUCA LAKE,7,2020-04-11
LOS ANGELES,TOLUCA LAKE,7,2020-04-12
LOS ANGELES,TOLUCA TERRACE,0,2020-03-27
LOS ANGELES,TOLUCA TERRACE,0,2020-03-28
LOS ANGELES,TOLUCA TERRACE,0,2020-03-29
LOS ANGELES,TOLUCA TERRACE,0,2020-03-30
LOS ANGELES,TOLUCA TERRACE,0,2020-03-31
LOS ANGELES,TOLUCA TERRACE,0,2020-04-01
LOS ANGELES,TOLUCA TERRACE,0,2020-04-02
LOS ANGELES,TOLUCA TERRACE,0,2020-04-03
LOS ANGELES,TOLUCA TERRACE,0,2020-04-04
LOS ANGELES,TOLUCA TERRACE,0,2020-04-05
LOS ANGELES,TOLUCA TERRACE,0,2020-04-06
LOS ANGELES,TOLUCA TERRACE,0,2020-04-07
LOS ANGELES,TOLUCA TERRACE,0,2020-04-08
LOS ANGELES,TOLUCA TERRACE,0,2020-04-09
LOS ANGELES,TOLUCA TERRACE,0,2020-04-10
LOS ANGELES,TOLUCA TERRACE,0,2020-04-11
LOS ANGELES,TOLUCA TERRACE,0,2020-04-12
LOS ANGELES,TOLUCA WOODS,0,2020-03-27
LOS ANGELES,TOLUCA WOODS,0,2020-03-28
LOS ANGELES,TOLUCA WOODS,0,2020-03-29
LOS ANGELES,TOLUCA WOODS,0,2020-03-30
LOS ANGELES,TOLUCA WOODS,0,2020-03-31
LOS ANGELES,TOLUCA WOODS,0,2020-04-01
LOS ANGELES,TOLUCA WOODS,0,2020-04-02
LOS ANGELES,TOLUCA WOODS,0,2020-04-03
LOS ANGELES,TOLUCA WOODS,0,2020-04-04
LOS ANGELES,TOLUCA WOODS,0,2020-04-05
LOS ANGELES,TOLUCA WOODS,0,2020-04-06
LOS ANGELES,TOLUCA WOODS,NA,2020-04-07
LOS ANGELES,TOLUCA WOODS,NA,2020-04-08
LOS ANGELES,TOLUCA WOODS,NA,2020-04-09
LOS ANGELES,TOLUCA WOODS,NA,2020-04-10
LOS ANGELES,TOLUCA WOODS,NA,2020-04-11
LOS ANGELES,TOLUCA WOODS,NA,2020-04-12
NA,TORRANCE,2,2020-03-16
NA,TORRANCE,1,2020-03-17
NA,TORRANCE,2,2020-03-18
NA,TORRANCE,2,2020-03-19
NA,TORRANCE,2,2020-03-20
NA,TORRANCE,2,2020-03-21
NA,TORRANCE,3,2020-03-22
NA,TORRANCE,4,2020-03-23
NA,TORRANCE,5,2020-03-24
NA,TORRANCE,9,2020-03-25
NA,TORRANCE,14,2020-03-26
NA,TORRANCE,21,2020-03-27
NA,TORRANCE,32,2020-03-28
NA,TORRANCE,34,2020-03-29
NA,TORRANCE,43,2020-03-30
NA,TORRANCE,53,2020-03-31
NA,TORRANCE,63,2020-04-01
NA,TORRANCE,69,2020-04-02
NA,TORRANCE,76,2020-04-03
NA,TORRANCE,85,2020-04-04
NA,TORRANCE,86,2020-04-05
NA,TORRANCE,92,2020-04-06
NA,TORRANCE,101,2020-04-07
NA,TORRANCE,111,2020-04-08
NA,TORRANCE,121,2020-04-09
NA,TORRANCE,125,2020-04-10
NA,TORRANCE,140,2020-04-11
NA,TORRANCE,143,2020-04-12
NA,TUJUNGA,1,2020-03-19
NA,TUJUNGA,1,2020-03-20
NA,TUJUNGA,1,2020-03-21
NA,TUJUNGA,1,2020-03-22
NA,TUJUNGA,1,2020-03-23
NA,TUJUNGA,1,2020-03-24
NA,TUJUNGA,1,2020-03-25
NA,TUJUNGA,2,2020-03-26
LOS ANGELES,TUJUNGA,2,2020-03-27
LOS ANGELES,TUJUNGA,2,2020-03-28
LOS ANGELES,TUJUNGA,3,2020-03-29
LOS ANGELES,TUJUNGA,4,2020-03-30
LOS ANGELES,TUJUNGA,5,2020-03-31
LOS ANGELES,TUJUNGA,5,2020-04-01
LOS ANGELES,TUJUNGA,5,2020-04-02
LOS ANGELES,TUJUNGA,7,2020-04-03
LOS ANGELES,TUJUNGA,8,2020-04-04
LOS ANGELES,TUJUNGA,10,2020-04-05
LOS ANGELES,TUJUNGA,12,2020-04-06
LOS ANGELES,TUJUNGA,12,2020-04-07
LOS ANGELES,TUJUNGA,13,2020-04-08
LOS ANGELES,TUJUNGA,15,2020-04-09
LOS ANGELES,TUJUNGA,15,2020-04-10
LOS ANGELES,TUJUNGA,15,2020-04-11
LOS ANGELES,TUJUNGA,15,2020-04-12
UNINCORPORATED,TWIN LAKES/OAT MOUNTAIN,0,2020-03-27
UNINCORPORATED,TWIN LAKES/OAT MOUNTAIN,0,2020-03-28
UNINCORPORATED,TWIN LAKES/OAT MOUNTAIN,0,2020-03-29
UNINCORPORATED,TWIN LAKES/OAT MOUNTAIN,0,2020-03-30
UNINCORPORATED,TWIN LAKES/OAT MOUNTAIN,0,2020-03-31
UNINCORPORATED,TWIN LAKES/OAT MOUNTAIN,NA,2020-04-01
UNINCORPORATED,TWIN LAKES/OAT MOUNTAIN,NA,2020-04-02
UNINCORPORATED,TWIN LAKES/OAT MOUNTAIN,NA,2020-04-03
UNINCORPORATED,TWIN LAKES/OAT MOUNTAIN,NA,2020-04-04
UNINCORPORATED,TWIN LAKES/OAT MOUNTAIN,NA,2020-04-05
UNINCORPORATED,TWIN LAKES/OAT MOUNTAIN,NA,2020-04-06
UNINCORPORATED,TWIN LAKES/OAT MOUNTAIN,NA,2020-04-07
UNINCORPORATED,TWIN LAKES/OAT MOUNTAIN,NA,2020-04-08
UNINCORPORATED,TWIN LAKES/OAT MOUNTAIN,NA,2020-04-09
UNINCORPORATED,TWIN LAKES/OAT MOUNTAIN,NA,2020-04-10
UNINCORPORATED,TWIN LAKES/OAT MOUNTAIN,NA,2020-04-11
UNINCORPORATED,TWIN LAKES/OAT MOUNTAIN,NA,2020-04-12
UNINCORPORATED,UNIVERSAL CITY,0,2020-03-28
UNINCORPORATED,UNIVERSAL CITY,0,2020-03-29
UNINCORPORATED,UNIVERSAL CITY,0,2020-03-30
UNINCORPORATED,UNIVERSAL CITY,0,2020-03-31
UNINCORPORATED,UNIVERSAL CITY,0,2020-04-01
UNINCORPORATED,UNIVERSAL CITY,0,2020-04-02
UNINCORPORATED,UNIVERSAL CITY,0,2020-04-03
UNINCORPORATED,UNIVERSAL CITY,0,2020-04-04
UNINCORPORATED,UNIVERSAL CITY,0,2020-04-05
UNINCORPORATED,UNIVERSAL CITY,0,2020-04-06
UNINCORPORATED,UNIVERSAL CITY,0,2020-04-07
UNINCORPORATED,UNIVERSAL CITY,0,2020-04-08
UNINCORPORATED,UNIVERSAL CITY,0,2020-04-09
UNINCORPORATED,UNIVERSAL CITY,0,2020-04-10
UNINCORPORATED,UNIVERSAL CITY,0,2020-04-11
UNINCORPORATED,UNIVERSAL CITY,0,2020-04-12
LOS ANGELES,UNIVERSITY HILLS,0,2020-03-27
LOS ANGELES,UNIVERSITY HILLS,0,2020-03-28
LOS ANGELES,UNIVERSITY HILLS,0,2020-03-29
LOS ANGELES,UNIVERSITY HILLS,0,2020-03-30
LOS ANGELES,UNIVERSITY HILLS,0,2020-03-31
LOS ANGELES,UNIVERSITY HILLS,0,2020-04-01
LOS ANGELES,UNIVERSITY HILLS,0,2020-04-02
LOS ANGELES,UNIVERSITY HILLS,0,2020-04-03
LOS ANGELES,UNIVERSITY HILLS,0,2020-04-04
LOS ANGELES,UNIVERSITY HILLS,0,2020-04-05
LOS ANGELES,UNIVERSITY HILLS,0,2020-04-06
LOS ANGELES,UNIVERSITY HILLS,0,2020-04-07
LOS ANGELES,UNIVERSITY HILLS,0,2020-04-08
LOS ANGELES,UNIVERSITY HILLS,0,2020-04-09
LOS ANGELES,UNIVERSITY HILLS,0,2020-04-10
LOS ANGELES,UNIVERSITY HILLS,0,2020-04-11
LOS ANGELES,UNIVERSITY HILLS,0,2020-04-12
NA,UNIVERSITY PARK,1,2020-03-19
NA,UNIVERSITY PARK,1,2020-03-20
NA,UNIVERSITY PARK,1,2020-03-21
NA,UNIVERSITY PARK,1,2020-03-22
NA,UNIVERSITY PARK,1,2020-03-23
NA,UNIVERSITY PARK,1,2020-03-24
NA,UNIVERSITY PARK,4,2020-03-25
NA,UNIVERSITY PARK,6,2020-03-26
LOS ANGELES,UNIVERSITY PARK,4,2020-03-27
LOS ANGELES,UNIVERSITY PARK,5,2020-03-28
LOS ANGELES,UNIVERSITY PARK,5,2020-03-29
LOS ANGELES,UNIVERSITY PARK,6,2020-03-30
LOS ANGELES,UNIVERSITY PARK,12,2020-03-31
LOS ANGELES,UNIVERSITY PARK,14,2020-04-01
LOS ANGELES,UNIVERSITY PARK,15,2020-04-02
LOS ANGELES,UNIVERSITY PARK,16,2020-04-03
LOS ANGELES,UNIVERSITY PARK,15,2020-04-04
LOS ANGELES,UNIVERSITY PARK,16,2020-04-05
LOS ANGELES,UNIVERSITY PARK,17,2020-04-06
LOS ANGELES,UNIVERSITY PARK,20,2020-04-07
LOS ANGELES,UNIVERSITY PARK,22,2020-04-08
LOS ANGELES,UNIVERSITY PARK,24,2020-04-09
LOS ANGELES,UNIVERSITY PARK,24,2020-04-10
LOS ANGELES,UNIVERSITY PARK,25,2020-04-11
LOS ANGELES,UNIVERSITY PARK,26,2020-04-12
UNINCORPORATED,VAL VERDE,0,2020-03-27
UNINCORPORATED,VAL VERDE,0,2020-03-28
UNINCORPORATED,VAL VERDE,0,2020-03-29
UNINCORPORATED,VAL VERDE,0,2020-03-30
UNINCORPORATED,VAL VERDE,0,2020-03-31
UNINCORPORATED,VAL VERDE,0,2020-04-01
UNINCORPORATED,VAL VERDE,0,2020-04-02
UNINCORPORATED,VAL VERDE,0,2020-04-03
UNINCORPORATED,VAL VERDE,0,2020-04-04
UNINCORPORATED,VAL VERDE,0,2020-04-05
UNINCORPORATED,VAL VERDE,0,2020-04-06
UNINCORPORATED,VAL VERDE,0,2020-04-07
UNINCORPORATED,VAL VERDE,0,2020-04-08
UNINCORPORATED,VAL VERDE,0,2020-04-09
UNINCORPORATED,VAL VERDE,0,2020-04-10
UNINCORPORATED,VAL VERDE,0,2020-04-11
UNINCORPORATED,VAL VERDE,0,2020-04-12
UNINCORPORATED,VALENCIA,NA,2020-03-27
UNINCORPORATED,VALENCIA,NA,2020-03-28
UNINCORPORATED,VALENCIA,NA,2020-03-29
UNINCORPORATED,VALENCIA,NA,2020-03-30
UNINCORPORATED,VALENCIA,NA,2020-03-31
UNINCORPORATED,VALENCIA,NA,2020-04-01
UNINCORPORATED,VALENCIA,NA,2020-04-02
UNINCORPORATED,VALENCIA,NA,2020-04-03
UNINCORPORATED,VALENCIA,NA,2020-04-04
UNINCORPORATED,VALENCIA,NA,2020-04-05
UNINCORPORATED,VALENCIA,NA,2020-04-06
UNINCORPORATED,VALENCIA,NA,2020-04-07
UNINCORPORATED,VALENCIA,NA,2020-04-08
UNINCORPORATED,VALENCIA,NA,2020-04-09
UNINCORPORATED,VALENCIA,NA,2020-04-10
UNINCORPORATED,VALENCIA,NA,2020-04-11
UNINCORPORATED,VALENCIA,NA,2020-04-12
NA,VALINDA,1,2020-03-25
NA,VALINDA,1,2020-03-26
UNINCORPORATED,VALINDA,NA,2020-03-27
UNINCORPORATED,VALINDA,NA,2020-03-28
UNINCORPORATED,VALINDA,NA,2020-03-29
UNINCORPORATED,VALINDA,NA,2020-03-30
UNINCORPORATED,VALINDA,NA,2020-03-31
UNINCORPORATED,VALINDA,NA,2020-04-01
UNINCORPORATED,VALINDA,NA,2020-04-02
UNINCORPORATED,VALINDA,NA,2020-04-03
UNINCORPORATED,VALINDA,5,2020-04-04
UNINCORPORATED,VALINDA,6,2020-04-05
UNINCORPORATED,VALINDA,7,2020-04-06
UNINCORPORATED,VALINDA,7,2020-04-07
UNINCORPORATED,VALINDA,7,2020-04-08
UNINCORPORATED,VALINDA,8,2020-04-09
UNINCORPORATED,VALINDA,8,2020-04-10
UNINCORPORATED,VALINDA,8,2020-04-11
UNINCORPORATED,VALINDA,8,2020-04-12
NA,VALLEY GLEN,1,2020-03-19
NA,VALLEY GLEN,3,2020-03-20
NA,VALLEY GLEN,6,2020-03-21
NA,VALLEY GLEN,6,2020-03-22
NA,VALLEY GLEN,7,2020-03-23
NA,VALLEY GLEN,9,2020-03-24
NA,VALLEY GLEN,11,2020-03-25
NA,VALLEY GLEN,12,2020-03-26
LOS ANGELES,VALLEY GLEN,2,2020-03-27
LOS ANGELES,VALLEY GLEN,3,2020-03-28
LOS ANGELES,VALLEY GLEN,4,2020-03-29
LOS ANGELES,VALLEY GLEN,4,2020-03-30
LOS ANGELES,VALLEY GLEN,7,2020-03-31
LOS ANGELES,VALLEY GLEN,8,2020-04-01
LOS ANGELES,VALLEY GLEN,11,2020-04-02
LOS ANGELES,VALLEY GLEN,12,2020-04-03
LOS ANGELES,VALLEY GLEN,17,2020-04-04
LOS ANGELES,VALLEY GLEN,21,2020-04-05
LOS ANGELES,VALLEY GLEN,25,2020-04-06
LOS ANGELES,VALLEY GLEN,28,2020-04-07
LOS ANGELES,VALLEY GLEN,29,2020-04-08
LOS ANGELES,VALLEY GLEN,30,2020-04-09
LOS ANGELES,VALLEY GLEN,31,2020-04-10
LOS ANGELES,VALLEY GLEN,32,2020-04-11
LOS ANGELES,VALLEY GLEN,32,2020-04-12
LOS ANGELES,VALLEY VILLAGE,13,2020-03-27
LOS ANGELES,VALLEY VILLAGE,14,2020-03-28
LOS ANGELES,VALLEY VILLAGE,18,2020-03-29
LOS ANGELES,VALLEY VILLAGE,19,2020-03-30
LOS ANGELES,VALLEY VILLAGE,21,2020-03-31
LOS ANGELES,VALLEY VILLAGE,23,2020-04-01
LOS ANGELES,VALLEY VILLAGE,23,2020-04-02
LOS ANGELES,VALLEY VILLAGE,27,2020-04-03
LOS ANGELES,VALLEY VILLAGE,29,2020-04-04
LOS ANGELES,VALLEY VILLAGE,30,2020-04-05
LOS ANGELES,VALLEY VILLAGE,30,2020-04-06
LOS ANGELES,VALLEY VILLAGE,31,2020-04-07
LOS ANGELES,VALLEY VILLAGE,32,2020-04-08
LOS ANGELES,VALLEY VILLAGE,33,2020-04-09
LOS ANGELES,VALLEY VILLAGE,33,2020-04-10
LOS ANGELES,VALLEY VILLAGE,34,2020-04-11
LOS ANGELES,VALLEY VILLAGE,35,2020-04-12
NA,VAN NUYS,1,2020-03-19
NA,VAN NUYS,1,2020-03-20
NA,VAN NUYS,2,2020-03-21
NA,VAN NUYS,2,2020-03-22
NA,VAN NUYS,4,2020-03-23
NA,VAN NUYS,4,2020-03-24
NA,VAN NUYS,4,2020-03-25
NA,VAN NUYS,4,2020-03-26
LOS ANGELES,VAN NUYS,4,2020-03-27
LOS ANGELES,VAN NUYS,6,2020-03-28
LOS ANGELES,VAN NUYS,7,2020-03-29
LOS ANGELES,VAN NUYS,10,2020-03-30
LOS ANGELES,VAN NUYS,13,2020-03-31
LOS ANGELES,VAN NUYS,17,2020-04-01
LOS ANGELES,VAN NUYS,22,2020-04-02
LOS ANGELES,VAN NUYS,26,2020-04-03
LOS ANGELES,VAN NUYS,33,2020-04-04
LOS ANGELES,VAN NUYS,36,2020-04-05
LOS ANGELES,VAN NUYS,38,2020-04-06
LOS ANGELES,VAN NUYS,53,2020-04-07
LOS ANGELES,VAN NUYS,61,2020-04-08
LOS ANGELES,VAN NUYS,68,2020-04-09
LOS ANGELES,VAN NUYS,73,2020-04-10
LOS ANGELES,VAN NUYS,77,2020-04-11
LOS ANGELES,VAN NUYS,80,2020-04-12
NA,VENICE,1,2020-03-16
NA,VENICE,2,2020-03-17
LOS ANGELES,VENICE,4,2020-03-18
NA,VENICE,4,2020-03-19
NA,VENICE,4,2020-03-20
NA,VENICE,6,2020-03-21
NA,VENICE,7,2020-03-22
NA,VENICE,7,2020-03-23
NA,VENICE,8,2020-03-24
NA,VENICE,9,2020-03-25
NA,VENICE,11,2020-03-26
LOS ANGELES,VENICE,11,2020-03-27
LOS ANGELES,VENICE,13,2020-03-28
LOS ANGELES,VENICE,17,2020-03-29
LOS ANGELES,VENICE,18,2020-03-30
LOS ANGELES,VENICE,18,2020-03-31
LOS ANGELES,VENICE,18,2020-04-01
LOS ANGELES,VENICE,20,2020-04-02
LOS ANGELES,VENICE,20,2020-04-03
LOS ANGELES,VENICE,20,2020-04-04
LOS ANGELES,VENICE,25,2020-04-05
LOS ANGELES,VENICE,26,2020-04-06
LOS ANGELES,VENICE,28,2020-04-07
LOS ANGELES,VENICE,29,2020-04-08
LOS ANGELES,VENICE,31,2020-04-09
LOS ANGELES,VENICE,34,2020-04-10
LOS ANGELES,VENICE,35,2020-04-11
LOS ANGELES,VENICE,35,2020-04-12
NA,VERMONT KNOLLS,1,2020-03-19
NA,VERMONT KNOLLS,1,2020-03-20
NA,VERMONT KNOLLS,1,2020-03-21
NA,VERMONT KNOLLS,1,2020-03-22
NA,VERMONT KNOLLS,1,2020-03-23
NA,VERMONT KNOLLS,1,2020-03-24
NA,VERMONT KNOLLS,1,2020-03-25
NA,VERMONT KNOLLS,3,2020-03-26
LOS ANGELES,VERMONT KNOLLS,NA,2020-03-27
LOS ANGELES,VERMONT KNOLLS,NA,2020-03-28
LOS ANGELES,VERMONT KNOLLS,NA,2020-03-29
LOS ANGELES,VERMONT KNOLLS,NA,2020-03-30
LOS ANGELES,VERMONT KNOLLS,NA,2020-03-31
LOS ANGELES,VERMONT KNOLLS,5,2020-04-01
LOS ANGELES,VERMONT KNOLLS,7,2020-04-02
LOS ANGELES,VERMONT KNOLLS,7,2020-04-03
LOS ANGELES,VERMONT KNOLLS,10,2020-04-04
LOS ANGELES,VERMONT KNOLLS,12,2020-04-05
LOS ANGELES,VERMONT KNOLLS,13,2020-04-06
LOS ANGELES,VERMONT KNOLLS,14,2020-04-07
LOS ANGELES,VERMONT KNOLLS,15,2020-04-08
LOS ANGELES,VERMONT KNOLLS,15,2020-04-09
LOS ANGELES,VERMONT KNOLLS,16,2020-04-10
LOS ANGELES,VERMONT KNOLLS,15,2020-04-11
LOS ANGELES,VERMONT KNOLLS,15,2020-04-12
LOS ANGELES,VERMONT SQUARE,NA,2020-03-27
LOS ANGELES,VERMONT SQUARE,NA,2020-03-28
LOS ANGELES,VERMONT SQUARE,NA,2020-03-29
LOS ANGELES,VERMONT SQUARE,NA,2020-03-30
LOS ANGELES,VERMONT SQUARE,NA,2020-03-31
LOS ANGELES,VERMONT SQUARE,NA,2020-04-01
LOS ANGELES,VERMONT SQUARE,5,2020-04-02
LOS ANGELES,VERMONT SQUARE,5,2020-04-03
LOS ANGELES,VERMONT SQUARE,5,2020-04-04
LOS ANGELES,VERMONT SQUARE,6,2020-04-05
LOS ANGELES,VERMONT SQUARE,7,2020-04-06
LOS ANGELES,VERMONT SQUARE,12,2020-04-07
LOS ANGELES,VERMONT SQUARE,12,2020-04-08
LOS ANGELES,VERMONT SQUARE,13,2020-04-09
LOS ANGELES,VERMONT SQUARE,14,2020-04-10
LOS ANGELES,VERMONT SQUARE,15,2020-04-11
LOS ANGELES,VERMONT SQUARE,16,2020-04-12
NA,VERMONT VISTA,1,2020-03-21
NA,VERMONT VISTA,1,2020-03-22
NA,VERMONT VISTA,1,2020-03-23
NA,VERMONT VISTA,3,2020-03-24
NA,VERMONT VISTA,3,2020-03-25
NA,VERMONT VISTA,5,2020-03-26
LOS ANGELES,VERMONT VISTA,2,2020-03-27
LOS ANGELES,VERMONT VISTA,3,2020-03-28
LOS ANGELES,VERMONT VISTA,5,2020-03-29
LOS ANGELES,VERMONT VISTA,5,2020-03-30
LOS ANGELES,VERMONT VISTA,6,2020-03-31
LOS ANGELES,VERMONT VISTA,7,2020-04-01
LOS ANGELES,VERMONT VISTA,7,2020-04-02
LOS ANGELES,VERMONT VISTA,8,2020-04-03
LOS ANGELES,VERMONT VISTA,11,2020-04-04
LOS ANGELES,VERMONT VISTA,14,2020-04-05
LOS ANGELES,VERMONT VISTA,14,2020-04-06
LOS ANGELES,VERMONT VISTA,16,2020-04-07
LOS ANGELES,VERMONT VISTA,18,2020-04-08
LOS ANGELES,VERMONT VISTA,20,2020-04-09
LOS ANGELES,VERMONT VISTA,21,2020-04-10
LOS ANGELES,VERMONT VISTA,23,2020-04-11
LOS ANGELES,VERMONT VISTA,24,2020-04-12
NA,VERNON,0,2020-03-27
NA,VERNON,0,2020-03-28
NA,VERNON,0,2020-03-29
NA,VERNON,0,2020-03-30
NA,VERNON,0,2020-03-31
NA,VERNON,0,2020-04-01
NA,VERNON,0,2020-04-02
NA,VERNON,0,2020-04-03
NA,VERNON,0,2020-04-04
NA,VERNON,0,2020-04-05
NA,VERNON,0,2020-04-06
NA,VERNON,0,2020-04-07
NA,VERNON,0,2020-04-08
NA,VERNON,0,2020-04-09
NA,VERNON,0,2020-04-10
NA,VERNON,0,2020-04-11
NA,VERNON,0,2020-04-12
NA,VERNON CENTRAL,1,2020-03-21
NA,VERNON CENTRAL,1,2020-03-22
NA,VERNON CENTRAL,1,2020-03-23
NA,VERNON CENTRAL,1,2020-03-24
NA,VERNON CENTRAL,1,2020-03-25
NA,VERNON CENTRAL,1,2020-03-26
LOS ANGELES,VERNON CENTRAL,3,2020-03-27
LOS ANGELES,VERNON CENTRAL,3,2020-03-28
LOS ANGELES,VERNON CENTRAL,3,2020-03-29
LOS ANGELES,VERNON CENTRAL,4,2020-03-30
LOS ANGELES,VERNON CENTRAL,5,2020-03-31
LOS ANGELES,VERNON CENTRAL,5,2020-04-01
LOS ANGELES,VERNON CENTRAL,7,2020-04-02
LOS ANGELES,VERNON CENTRAL,8,2020-04-03
LOS ANGELES,VERNON CENTRAL,15,2020-04-04
LOS ANGELES,VERNON CENTRAL,21,2020-04-05
LOS ANGELES,VERNON CENTRAL,22,2020-04-06
LOS ANGELES,VERNON CENTRAL,24,2020-04-07
LOS ANGELES,VERNON CENTRAL,30,2020-04-08
LOS ANGELES,VERNON CENTRAL,31,2020-04-09
LOS ANGELES,VERNON CENTRAL,35,2020-04-10
LOS ANGELES,VERNON CENTRAL,39,2020-04-11
LOS ANGELES,VERNON CENTRAL,40,2020-04-12
LOS ANGELES,VICTORIA PARK,NA,2020-03-27
LOS ANGELES,VICTORIA PARK,NA,2020-03-28
LOS ANGELES,VICTORIA PARK,NA,2020-03-29
LOS ANGELES,VICTORIA PARK,NA,2020-03-30
LOS ANGELES,VICTORIA PARK,NA,2020-03-31
LOS ANGELES,VICTORIA PARK,NA,2020-04-01
LOS ANGELES,VICTORIA PARK,6,2020-04-02
LOS ANGELES,VICTORIA PARK,7,2020-04-03
LOS ANGELES,VICTORIA PARK,9,2020-04-04
LOS ANGELES,VICTORIA PARK,11,2020-04-05
LOS ANGELES,VICTORIA PARK,13,2020-04-06
LOS ANGELES,VICTORIA PARK,13,2020-04-07
LOS ANGELES,VICTORIA PARK,14,2020-04-08
LOS ANGELES,VICTORIA PARK,15,2020-04-09
LOS ANGELES,VICTORIA PARK,17,2020-04-10
LOS ANGELES,VICTORIA PARK,17,2020-04-11
LOS ANGELES,VICTORIA PARK,17,2020-04-12
LOS ANGELES,VIEW HEIGHTS,0,2020-03-27
LOS ANGELES,VIEW HEIGHTS,0,2020-03-28
LOS ANGELES,VIEW HEIGHTS,NA,2020-03-29
LOS ANGELES,VIEW HEIGHTS,NA,2020-03-30
LOS ANGELES,VIEW HEIGHTS,NA,2020-03-31
LOS ANGELES,VIEW HEIGHTS,NA,2020-04-01
LOS ANGELES,VIEW HEIGHTS,NA,2020-04-02
LOS ANGELES,VIEW HEIGHTS,NA,2020-04-03
LOS ANGELES,VIEW HEIGHTS,NA,2020-04-04
LOS ANGELES,VIEW HEIGHTS,NA,2020-04-05
LOS ANGELES,VIEW HEIGHTS,NA,2020-04-06
LOS ANGELES,VIEW HEIGHTS,NA,2020-04-07
LOS ANGELES,VIEW HEIGHTS,NA,2020-04-08
LOS ANGELES,VIEW HEIGHTS,NA,2020-04-09
LOS ANGELES,VIEW HEIGHTS,NA,2020-04-10
LOS ANGELES,VIEW HEIGHTS,NA,2020-04-11
LOS ANGELES,VIEW HEIGHTS,NA,2020-04-12
UNINCORPORATED,VIEW PARK/WINDSOR HILLS,0,2020-03-27
UNINCORPORATED,VIEW PARK/WINDSOR HILLS,0,2020-03-28
UNINCORPORATED,VIEW PARK/WINDSOR HILLS,0,2020-03-29
UNINCORPORATED,VIEW PARK/WINDSOR HILLS,0,2020-03-30
UNINCORPORATED,VIEW PARK/WINDSOR HILLS,0,2020-03-31
UNINCORPORATED,VIEW PARK/WINDSOR HILLS,7,2020-04-01
UNINCORPORATED,VIEW PARK/WINDSOR HILLS,7,2020-04-02
UNINCORPORATED,VIEW PARK/WINDSOR HILLS,8,2020-04-03
UNINCORPORATED,VIEW PARK/WINDSOR HILLS,11,2020-04-04
UNINCORPORATED,VIEW PARK/WINDSOR HILLS,12,2020-04-05
UNINCORPORATED,VIEW PARK/WINDSOR HILLS,13,2020-04-06
UNINCORPORATED,VIEW PARK/WINDSOR HILLS,14,2020-04-07
UNINCORPORATED,VIEW PARK/WINDSOR HILLS,14,2020-04-08
UNINCORPORATED,VIEW PARK/WINDSOR HILLS,14,2020-04-09
UNINCORPORATED,VIEW PARK/WINDSOR HILLS,14,2020-04-10
UNINCORPORATED,VIEW PARK/WINDSOR HILLS,14,2020-04-11
UNINCORPORATED,VIEW PARK/WINDSOR HILLS,16,2020-04-12
NA,WALNUT,1,2020-03-18
NA,WALNUT,1,2020-03-19
NA,WALNUT,2,2020-03-20
NA,WALNUT,1,2020-03-21
NA,WALNUT,1,2020-03-22
NA,WALNUT,1,2020-03-23
NA,WALNUT,1,2020-03-24
NA,WALNUT,1,2020-03-25
NA,WALNUT,1,2020-03-26
NA,WALNUT,1,2020-03-27
NA,WALNUT,2,2020-03-28
UNINCORPORATED,WALNUT,0,2020-03-28
NA,WALNUT,3,2020-03-29
UNINCORPORATED,WALNUT,0,2020-03-29
NA,WALNUT,3,2020-03-30
UNINCORPORATED,WALNUT,0,2020-03-30
NA,WALNUT,3,2020-03-31
UNINCORPORATED,WALNUT,0,2020-03-31
NA,WALNUT,4,2020-04-01
UNINCORPORATED,WALNUT,0,2020-04-01
NA,WALNUT,4,2020-04-02
UNINCORPORATED,WALNUT,0,2020-04-02
NA,WALNUT,6,2020-04-03
UNINCORPORATED,WALNUT,0,2020-04-03
NA,WALNUT,7,2020-04-04
UNINCORPORATED,WALNUT,0,2020-04-04
NA,WALNUT,8,2020-04-05
UNINCORPORATED,WALNUT,0,2020-04-05
NA,WALNUT,9,2020-04-06
UNINCORPORATED,WALNUT,0,2020-04-06
NA,WALNUT,9,2020-04-07
UNINCORPORATED,WALNUT,0,2020-04-07
NA,WALNUT,10,2020-04-08
UNINCORPORATED,WALNUT,0,2020-04-08
NA,WALNUT,11,2020-04-09
UNINCORPORATED,WALNUT,0,2020-04-09
NA,WALNUT,12,2020-04-10
UNINCORPORATED,WALNUT,0,2020-04-10
NA,WALNUT,13,2020-04-11
UNINCORPORATED,WALNUT,0,2020-04-11
NA,WALNUT,13,2020-04-12
UNINCORPORATED,WALNUT,0,2020-04-12
UNINCORPORATED,WALNUT PARK,0,2020-03-27
UNINCORPORATED,WALNUT PARK,0,2020-03-28
UNINCORPORATED,WALNUT PARK,0,2020-03-29
UNINCORPORATED,WALNUT PARK,0,2020-03-30
UNINCORPORATED,WALNUT PARK,0,2020-03-31
UNINCORPORATED,WALNUT PARK,0,2020-04-01
UNINCORPORATED,WALNUT PARK,NA,2020-04-02
UNINCORPORATED,WALNUT PARK,NA,2020-04-03
UNINCORPORATED,WALNUT PARK,NA,2020-04-04
UNINCORPORATED,WALNUT PARK,7,2020-04-05
UNINCORPORATED,WALNUT PARK,8,2020-04-06
UNINCORPORATED,WALNUT PARK,12,2020-04-07
UNINCORPORATED,WALNUT PARK,13,2020-04-08
UNINCORPORATED,WALNUT PARK,17,2020-04-09
UNINCORPORATED,WALNUT PARK,18,2020-04-10
UNINCORPORATED,WALNUT PARK,18,2020-04-11
UNINCORPORATED,WALNUT PARK,20,2020-04-12
NA,WATTS,1,2020-03-25
NA,WATTS,1,2020-03-26
LOS ANGELES,WATTS,1,2020-03-27
LOS ANGELES,WATTS,1,2020-03-28
LOS ANGELES,WATTS,2,2020-03-29
LOS ANGELES,WATTS,2,2020-03-30
LOS ANGELES,WATTS,7,2020-03-31
LOS ANGELES,WATTS,7,2020-04-01
LOS ANGELES,WATTS,11,2020-04-02
LOS ANGELES,WATTS,12,2020-04-03
LOS ANGELES,WATTS,14,2020-04-04
LOS ANGELES,WATTS,15,2020-04-05
LOS ANGELES,WATTS,16,2020-04-06
LOS ANGELES,WATTS,19,2020-04-07
LOS ANGELES,WATTS,20,2020-04-08
LOS ANGELES,WATTS,23,2020-04-09
LOS ANGELES,WATTS,24,2020-04-10
LOS ANGELES,WATTS,27,2020-04-11
LOS ANGELES,WATTS,27,2020-04-12
LOS ANGELES,WELLINGTON SQUARE,0,2020-03-27
LOS ANGELES,WELLINGTON SQUARE,0,2020-03-28
LOS ANGELES,WELLINGTON SQUARE,0,2020-03-29
LOS ANGELES,WELLINGTON SQUARE,0,2020-03-30
LOS ANGELES,WELLINGTON SQUARE,0,2020-03-31
LOS ANGELES,WELLINGTON SQUARE,0,2020-04-01
LOS ANGELES,WELLINGTON SQUARE,0,2020-04-02
LOS ANGELES,WELLINGTON SQUARE,0,2020-04-03
LOS ANGELES,WELLINGTON SQUARE,0,2020-04-04
LOS ANGELES,WELLINGTON SQUARE,0,2020-04-05
LOS ANGELES,WELLINGTON SQUARE,0,2020-04-06
LOS ANGELES,WELLINGTON SQUARE,0,2020-04-07
LOS ANGELES,WELLINGTON SQUARE,0,2020-04-08
LOS ANGELES,WELLINGTON SQUARE,0,2020-04-09
LOS ANGELES,WELLINGTON SQUARE,NA,2020-04-10
LOS ANGELES,WELLINGTON SQUARE,NA,2020-04-11
LOS ANGELES,WELLINGTON SQUARE,NA,2020-04-12
NA,WEST ADAMS,1,2020-03-16
NA,WEST ADAMS,1,2020-03-17
LOS ANGELES,WEST ADAMS,1,2020-03-18
NA,WEST ADAMS,1,2020-03-19
NA,WEST ADAMS,1,2020-03-20
NA,WEST ADAMS,2,2020-03-21
NA,WEST ADAMS,1,2020-03-22
NA,WEST ADAMS,1,2020-03-23
NA,WEST ADAMS,3,2020-03-24
NA,WEST ADAMS,4,2020-03-25
NA,WEST ADAMS,6,2020-03-26
LOS ANGELES,WEST ADAMS,6,2020-03-27
LOS ANGELES,WEST ADAMS,7,2020-03-28
LOS ANGELES,WEST ADAMS,7,2020-03-29
LOS ANGELES,WEST ADAMS,9,2020-03-30
LOS ANGELES,WEST ADAMS,12,2020-03-31
LOS ANGELES,WEST ADAMS,14,2020-04-01
LOS ANGELES,WEST ADAMS,15,2020-04-02
LOS ANGELES,WEST ADAMS,16,2020-04-03
LOS ANGELES,WEST ADAMS,20,2020-04-04
LOS ANGELES,WEST ADAMS,21,2020-04-05
LOS ANGELES,WEST ADAMS,25,2020-04-06
LOS ANGELES,WEST ADAMS,26,2020-04-07
LOS ANGELES,WEST ADAMS,30,2020-04-08
LOS ANGELES,WEST ADAMS,32,2020-04-09
LOS ANGELES,WEST ADAMS,34,2020-04-10
LOS ANGELES,WEST ADAMS,41,2020-04-11
LOS ANGELES,WEST ADAMS,42,2020-04-12
UNINCORPORATED,WEST ANTELOPE VALLEY,0,2020-03-27
UNINCORPORATED,WEST ANTELOPE VALLEY,0,2020-03-28
UNINCORPORATED,WEST ANTELOPE VALLEY,0,2020-03-29
UNINCORPORATED,WEST ANTELOPE VALLEY,0,2020-03-30
UNINCORPORATED,WEST ANTELOPE VALLEY,0,2020-03-31
UNINCORPORATED,WEST ANTELOPE VALLEY,NA,2020-04-01
UNINCORPORATED,WEST ANTELOPE VALLEY,NA,2020-04-02
UNINCORPORATED,WEST ANTELOPE VALLEY,NA,2020-04-03
UNINCORPORATED,WEST ANTELOPE VALLEY,NA,2020-04-04
UNINCORPORATED,WEST ANTELOPE VALLEY,NA,2020-04-05
UNINCORPORATED,WEST ANTELOPE VALLEY,NA,2020-04-06
UNINCORPORATED,WEST ANTELOPE VALLEY,NA,2020-04-07
UNINCORPORATED,WEST ANTELOPE VALLEY,NA,2020-04-08
UNINCORPORATED,WEST ANTELOPE VALLEY,NA,2020-04-09
UNINCORPORATED,WEST ANTELOPE VALLEY,NA,2020-04-10
UNINCORPORATED,WEST ANTELOPE VALLEY,NA,2020-04-11
UNINCORPORATED,WEST ANTELOPE VALLEY,NA,2020-04-12
UNINCORPORATED,WEST CARSON,5,2020-03-27
UNINCORPORATED,WEST CARSON,6,2020-03-28
UNINCORPORATED,WEST CARSON,7,2020-03-29
UNINCORPORATED,WEST CARSON,8,2020-03-30
UNINCORPORATED,WEST CARSON,9,2020-03-31
UNINCORPORATED,WEST CARSON,11,2020-04-01
UNINCORPORATED,WEST CARSON,11,2020-04-02
UNINCORPORATED,WEST CARSON,15,2020-04-03
UNINCORPORATED,WEST CARSON,18,2020-04-04
UNINCORPORATED,WEST CARSON,20,2020-04-05
UNINCORPORATED,WEST CARSON,20,2020-04-06
UNINCORPORATED,WEST CARSON,21,2020-04-07
UNINCORPORATED,WEST CARSON,23,2020-04-08
UNINCORPORATED,WEST CARSON,26,2020-04-09
UNINCORPORATED,WEST CARSON,28,2020-04-10
UNINCORPORATED,WEST CARSON,29,2020-04-11
UNINCORPORATED,WEST CARSON,29,2020-04-12
UNINCORPORATED,WEST CHATSWORTH,0,2020-03-28
UNINCORPORATED,WEST CHATSWORTH,0,2020-03-29
UNINCORPORATED,WEST CHATSWORTH,0,2020-03-30
UNINCORPORATED,WEST CHATSWORTH,0,2020-03-31
UNINCORPORATED,WEST CHATSWORTH,0,2020-04-01
UNINCORPORATED,WEST CHATSWORTH,0,2020-04-02
UNINCORPORATED,WEST CHATSWORTH,0,2020-04-03
UNINCORPORATED,WEST CHATSWORTH,0,2020-04-04
UNINCORPORATED,WEST CHATSWORTH,0,2020-04-05
UNINCORPORATED,WEST CHATSWORTH,0,2020-04-06
UNINCORPORATED,WEST CHATSWORTH,0,2020-04-07
UNINCORPORATED,WEST CHATSWORTH,0,2020-04-08
UNINCORPORATED,WEST CHATSWORTH,0,2020-04-09
UNINCORPORATED,WEST CHATSWORTH,0,2020-04-10
UNINCORPORATED,WEST CHATSWORTH,0,2020-04-11
UNINCORPORATED,WEST CHATSWORTH,0,2020-04-12
NA,WEST COVINA,1,2020-03-21
NA,WEST COVINA,1,2020-03-22
NA,WEST COVINA,1,2020-03-23
NA,WEST COVINA,1,2020-03-24
NA,WEST COVINA,2,2020-03-25
NA,WEST COVINA,4,2020-03-26
NA,WEST COVINA,5,2020-03-27
NA,WEST COVINA,5,2020-03-28
NA,WEST COVINA,6,2020-03-29
NA,WEST COVINA,7,2020-03-30
NA,WEST COVINA,7,2020-03-31
NA,WEST COVINA,7,2020-04-01
NA,WEST COVINA,7,2020-04-02
NA,WEST COVINA,8,2020-04-03
NA,WEST COVINA,9,2020-04-04
NA,WEST COVINA,12,2020-04-05
NA,WEST COVINA,15,2020-04-06
NA,WEST COVINA,16,2020-04-07
NA,WEST COVINA,17,2020-04-08
NA,WEST COVINA,20,2020-04-09
NA,WEST COVINA,26,2020-04-10
NA,WEST COVINA,35,2020-04-11
NA,WEST COVINA,39,2020-04-12
NA,WEST HILLS,3,2020-03-16
NA,WEST HILLS,3,2020-03-17
LOS ANGELES,WEST HILLS,3,2020-03-18
NA,WEST HILLS,3,2020-03-19
NA,WEST HILLS,3,2020-03-20
NA,WEST HILLS,4,2020-03-21
NA,WEST HILLS,4,2020-03-22
NA,WEST HILLS,4,2020-03-23
NA,WEST HILLS,4,2020-03-24
NA,WEST HILLS,4,2020-03-25
NA,WEST HILLS,4,2020-03-26
LOS ANGELES,WEST HILLS,5,2020-03-27
LOS ANGELES,WEST HILLS,5,2020-03-28
LOS ANGELES,WEST HILLS,6,2020-03-29
LOS ANGELES,WEST HILLS,7,2020-03-30
LOS ANGELES,WEST HILLS,10,2020-03-31
LOS ANGELES,WEST HILLS,10,2020-04-01
LOS ANGELES,WEST HILLS,11,2020-04-02
LOS ANGELES,WEST HILLS,12,2020-04-03
LOS ANGELES,WEST HILLS,15,2020-04-04
LOS ANGELES,WEST HILLS,18,2020-04-05
LOS ANGELES,WEST HILLS,18,2020-04-06
LOS ANGELES,WEST HILLS,19,2020-04-07
LOS ANGELES,WEST HILLS,21,2020-04-08
LOS ANGELES,WEST HILLS,21,2020-04-09
LOS ANGELES,WEST HILLS,21,2020-04-10
LOS ANGELES,WEST HILLS,23,2020-04-11
LOS ANGELES,WEST HILLS,23,2020-04-12
NA,WEST HOLLYWOOD,5,2020-03-16
NA,WEST HOLLYWOOD,8,2020-03-17
NA,WEST HOLLYWOOD,11,2020-03-18
NA,WEST HOLLYWOOD,12,2020-03-19
NA,WEST HOLLYWOOD,15,2020-03-20
NA,WEST HOLLYWOOD,18,2020-03-21
NA,WEST HOLLYWOOD,19,2020-03-22
NA,WEST HOLLYWOOD,23,2020-03-23
NA,WEST HOLLYWOOD,31,2020-03-24
NA,WEST HOLLYWOOD,31,2020-03-25
NA,WEST HOLLYWOOD,35,2020-03-26
NA,WEST HOLLYWOOD,42,2020-03-27
NA,WEST HOLLYWOOD,50,2020-03-28
NA,WEST HOLLYWOOD,52,2020-03-29
NA,WEST HOLLYWOOD,53,2020-03-30
NA,WEST HOLLYWOOD,56,2020-03-31
NA,WEST HOLLYWOOD,64,2020-04-01
NA,WEST HOLLYWOOD,68,2020-04-02
NA,WEST HOLLYWOOD,73,2020-04-03
NA,WEST HOLLYWOOD,81,2020-04-04
NA,WEST HOLLYWOOD,83,2020-04-05
NA,WEST HOLLYWOOD,86,2020-04-06
NA,WEST HOLLYWOOD,96,2020-04-07
NA,WEST HOLLYWOOD,98,2020-04-08
NA,WEST HOLLYWOOD,101,2020-04-09
NA,WEST HOLLYWOOD,101,2020-04-10
NA,WEST HOLLYWOOD,102,2020-04-11
NA,WEST HOLLYWOOD,102,2020-04-12
UNINCORPORATED,WEST LA,NA,2020-03-27
UNINCORPORATED,WEST LA,NA,2020-03-28
UNINCORPORATED,WEST LA,NA,2020-03-29
UNINCORPORATED,WEST LA,NA,2020-03-30
UNINCORPORATED,WEST LA,NA,2020-03-31
UNINCORPORATED,WEST LA,NA,2020-04-01
UNINCORPORATED,WEST LA,NA,2020-04-02
UNINCORPORATED,WEST LA,11,2020-04-03
UNINCORPORATED,WEST LA,17,2020-04-04
UNINCORPORATED,WEST LA,NA,2020-04-05
UNINCORPORATED,WEST LA,NA,2020-04-06
UNINCORPORATED,WEST LA,NA,2020-04-07
UNINCORPORATED,WEST LA,NA,2020-04-08
UNINCORPORATED,WEST LA,NA,2020-04-09
UNINCORPORATED,WEST LA,NA,2020-04-10
UNINCORPORATED,WEST LA,NA,2020-04-11
UNINCORPORATED,WEST LA,NA,2020-04-12
LOS ANGELES,WEST LOS ANGELES,1,2020-03-18
NA,WEST LOS ANGELES,2,2020-03-19
NA,WEST LOS ANGELES,3,2020-03-20
NA,WEST LOS ANGELES,3,2020-03-21
NA,WEST LOS ANGELES,3,2020-03-22
NA,WEST LOS ANGELES,4,2020-03-23
NA,WEST LOS ANGELES,4,2020-03-24
NA,WEST LOS ANGELES,4,2020-03-25
NA,WEST LOS ANGELES,5,2020-03-26
LOS ANGELES,WEST LOS ANGELES,9,2020-03-27
LOS ANGELES,WEST LOS ANGELES,13,2020-03-28
LOS ANGELES,WEST LOS ANGELES,18,2020-03-29
LOS ANGELES,WEST LOS ANGELES,19,2020-03-30
LOS ANGELES,WEST LOS ANGELES,20,2020-03-31
LOS ANGELES,WEST LOS ANGELES,22,2020-04-01
LOS ANGELES,WEST LOS ANGELES,24,2020-04-02
LOS ANGELES,WEST LOS ANGELES,25,2020-04-03
LOS ANGELES,WEST LOS ANGELES,27,2020-04-04
LOS ANGELES,WEST LOS ANGELES,29,2020-04-05
LOS ANGELES,WEST LOS ANGELES,31,2020-04-06
LOS ANGELES,WEST LOS ANGELES,32,2020-04-07
LOS ANGELES,WEST LOS ANGELES,35,2020-04-08
LOS ANGELES,WEST LOS ANGELES,34,2020-04-09
LOS ANGELES,WEST LOS ANGELES,34,2020-04-10
LOS ANGELES,WEST LOS ANGELES,34,2020-04-11
LOS ANGELES,WEST LOS ANGELES,34,2020-04-12
UNINCORPORATED,WEST PUENTE VALLEY,0,2020-03-27
UNINCORPORATED,WEST PUENTE VALLEY,0,2020-03-28
UNINCORPORATED,WEST PUENTE VALLEY,0,2020-03-29
UNINCORPORATED,WEST PUENTE VALLEY,0,2020-03-30
UNINCORPORATED,WEST PUENTE VALLEY,0,2020-03-31
UNINCORPORATED,WEST PUENTE VALLEY,NA,2020-04-01
UNINCORPORATED,WEST PUENTE VALLEY,NA,2020-04-02
UNINCORPORATED,WEST PUENTE VALLEY,NA,2020-04-03
UNINCORPORATED,WEST PUENTE VALLEY,NA,2020-04-04
UNINCORPORATED,WEST PUENTE VALLEY,NA,2020-04-05
UNINCORPORATED,WEST PUENTE VALLEY,NA,2020-04-06
UNINCORPORATED,WEST PUENTE VALLEY,NA,2020-04-07
UNINCORPORATED,WEST PUENTE VALLEY,NA,2020-04-08
UNINCORPORATED,WEST PUENTE VALLEY,NA,2020-04-09
UNINCORPORATED,WEST PUENTE VALLEY,6,2020-04-10
UNINCORPORATED,WEST PUENTE VALLEY,6,2020-04-11
UNINCORPORATED,WEST PUENTE VALLEY,6,2020-04-12
UNINCORPORATED,WEST RANCHO DOMINGUEZ,0,2020-03-27
UNINCORPORATED,WEST RANCHO DOMINGUEZ,0,2020-03-28
UNINCORPORATED,WEST RANCHO DOMINGUEZ,0,2020-03-29
UNINCORPORATED,WEST RANCHO DOMINGUEZ,0,2020-03-30
UNINCORPORATED,WEST RANCHO DOMINGUEZ,0,2020-03-31
UNINCORPORATED,WEST RANCHO DOMINGUEZ,0,2020-04-01
UNINCORPORATED,WEST RANCHO DOMINGUEZ,0,2020-04-02
UNINCORPORATED,WEST RANCHO DOMINGUEZ,0,2020-04-03
UNINCORPORATED,WEST RANCHO DOMINGUEZ,NA,2020-04-04
UNINCORPORATED,WEST RANCHO DOMINGUEZ,NA,2020-04-05
UNINCORPORATED,WEST RANCHO DOMINGUEZ,NA,2020-04-06
UNINCORPORATED,WEST RANCHO DOMINGUEZ,NA,2020-04-07
UNINCORPORATED,WEST RANCHO DOMINGUEZ,NA,2020-04-08
UNINCORPORATED,WEST RANCHO DOMINGUEZ,NA,2020-04-09
UNINCORPORATED,WEST RANCHO DOMINGUEZ,NA,2020-04-10
UNINCORPORATED,WEST RANCHO DOMINGUEZ,NA,2020-04-11
UNINCORPORATED,WEST RANCHO DOMINGUEZ,NA,2020-04-12
NA,WEST VERNON,1,2020-03-16
NA,WEST VERNON,1,2020-03-17
LOS ANGELES,WEST VERNON,1,2020-03-18
NA,WEST VERNON,1,2020-03-19
NA,WEST VERNON,1,2020-03-20
NA,WEST VERNON,2,2020-03-21
NA,WEST VERNON,2,2020-03-22
NA,WEST VERNON,2,2020-03-23
NA,WEST VERNON,4,2020-03-24
NA,WEST VERNON,5,2020-03-25
NA,WEST VERNON,6,2020-03-26
LOS ANGELES,WEST VERNON,6,2020-03-27
LOS ANGELES,WEST VERNON,8,2020-03-28
LOS ANGELES,WEST VERNON,8,2020-03-29
LOS ANGELES,WEST VERNON,9,2020-03-30
LOS ANGELES,WEST VERNON,13,2020-03-31
LOS ANGELES,WEST VERNON,15,2020-04-01
LOS ANGELES,WEST VERNON,17,2020-04-02
LOS ANGELES,WEST VERNON,22,2020-04-03
LOS ANGELES,WEST VERNON,26,2020-04-04
LOS ANGELES,WEST VERNON,27,2020-04-05
LOS ANGELES,WEST VERNON,33,2020-04-06
LOS ANGELES,WEST VERNON,42,2020-04-07
LOS ANGELES,WEST VERNON,50,2020-04-08
LOS ANGELES,WEST VERNON,53,2020-04-09
LOS ANGELES,WEST VERNON,53,2020-04-10
LOS ANGELES,WEST VERNON,58,2020-04-11
LOS ANGELES,WEST VERNON,61,2020-04-12
NA,WEST WHITTIER/LOS NIETOS,1,2020-03-26
UNINCORPORATED,WEST WHITTIER/LOS NIETOS,0,2020-03-27
UNINCORPORATED,WEST WHITTIER/LOS NIETOS,0,2020-03-28
UNINCORPORATED,WEST WHITTIER/LOS NIETOS,0,2020-03-29
UNINCORPORATED,WEST WHITTIER/LOS NIETOS,0,2020-03-30
UNINCORPORATED,WEST WHITTIER/LOS NIETOS,0,2020-03-31
UNINCORPORATED,WEST WHITTIER/LOS NIETOS,1,2020-04-01
UNINCORPORATED,WEST WHITTIER/LOS NIETOS,2,2020-04-02
UNINCORPORATED,WEST WHITTIER/LOS NIETOS,3,2020-04-03
UNINCORPORATED,WEST WHITTIER/LOS NIETOS,7,2020-04-04
UNINCORPORATED,WEST WHITTIER/LOS NIETOS,8,2020-04-05
UNINCORPORATED,WEST WHITTIER/LOS NIETOS,8,2020-04-06
UNINCORPORATED,WEST WHITTIER/LOS NIETOS,8,2020-04-07
UNINCORPORATED,WEST WHITTIER/LOS NIETOS,10,2020-04-08
UNINCORPORATED,WEST WHITTIER/LOS NIETOS,10,2020-04-09
UNINCORPORATED,WEST WHITTIER/LOS NIETOS,10,2020-04-10
UNINCORPORATED,WEST WHITTIER/LOS NIETOS,11,2020-04-11
UNINCORPORATED,WEST WHITTIER/LOS NIETOS,11,2020-04-12
NA,WESTCHESTER,1,2020-03-16
NA,WESTCHESTER,2,2020-03-17
LOS ANGELES,WESTCHESTER,2,2020-03-18
NA,WESTCHESTER,3,2020-03-19
NA,WESTCHESTER,3,2020-03-20
NA,WESTCHESTER,3,2020-03-21
NA,WESTCHESTER,3,2020-03-22
NA,WESTCHESTER,3,2020-03-23
NA,WESTCHESTER,3,2020-03-24
NA,WESTCHESTER,5,2020-03-25
NA,WESTCHESTER,7,2020-03-26
LOS ANGELES,WESTCHESTER,8,2020-03-27
LOS ANGELES,WESTCHESTER,12,2020-03-28
LOS ANGELES,WESTCHESTER,17,2020-03-29
LOS ANGELES,WESTCHESTER,17,2020-03-30
LOS ANGELES,WESTCHESTER,17,2020-03-31
LOS ANGELES,WESTCHESTER,18,2020-04-01
LOS ANGELES,WESTCHESTER,18,2020-04-02
LOS ANGELES,WESTCHESTER,22,2020-04-03
LOS ANGELES,WESTCHESTER,23,2020-04-04
LOS ANGELES,WESTCHESTER,24,2020-04-05
LOS ANGELES,WESTCHESTER,25,2020-04-06
LOS ANGELES,WESTCHESTER,25,2020-04-07
LOS ANGELES,WESTCHESTER,28,2020-04-08
LOS ANGELES,WESTCHESTER,30,2020-04-09
LOS ANGELES,WESTCHESTER,31,2020-04-10
LOS ANGELES,WESTCHESTER,32,2020-04-11
LOS ANGELES,WESTCHESTER,32,2020-04-12
UNINCORPORATED,WESTFIELD/ACADEMY HILLS,0,2020-03-27
UNINCORPORATED,WESTFIELD/ACADEMY HILLS,0,2020-03-28
UNINCORPORATED,WESTFIELD/ACADEMY HILLS,0,2020-03-29
UNINCORPORATED,WESTFIELD/ACADEMY HILLS,0,2020-03-30
UNINCORPORATED,WESTFIELD/ACADEMY HILLS,0,2020-03-31
UNINCORPORATED,WESTFIELD/ACADEMY HILLS,0,2020-04-01
UNINCORPORATED,WESTFIELD/ACADEMY HILLS,0,2020-04-02
UNINCORPORATED,WESTFIELD/ACADEMY HILLS,0,2020-04-03
UNINCORPORATED,WESTFIELD/ACADEMY HILLS,0,2020-04-04
UNINCORPORATED,WESTFIELD/ACADEMY HILLS,0,2020-04-05
UNINCORPORATED,WESTFIELD/ACADEMY HILLS,0,2020-04-06
UNINCORPORATED,WESTFIELD/ACADEMY HILLS,0,2020-04-07
UNINCORPORATED,WESTFIELD/ACADEMY HILLS,0,2020-04-08
UNINCORPORATED,WESTFIELD/ACADEMY HILLS,0,2020-04-09
UNINCORPORATED,WESTFIELD/ACADEMY HILLS,0,2020-04-10
UNINCORPORATED,WESTFIELD/ACADEMY HILLS,0,2020-04-11
UNINCORPORATED,WESTFIELD/ACADEMY HILLS,0,2020-04-12
UNINCORPORATED,WESTHILLS,0,2020-03-27
UNINCORPORATED,WESTHILLS,0,2020-03-28
UNINCORPORATED,WESTHILLS,0,2020-03-29
UNINCORPORATED,WESTHILLS,0,2020-03-30
UNINCORPORATED,WESTHILLS,0,2020-03-31
UNINCORPORATED,WESTHILLS,0,2020-04-01
UNINCORPORATED,WESTHILLS,0,2020-04-02
UNINCORPORATED,WESTHILLS,0,2020-04-03
UNINCORPORATED,WESTHILLS,0,2020-04-04
UNINCORPORATED,WESTHILLS,0,2020-04-05
UNINCORPORATED,WESTHILLS,0,2020-04-06
UNINCORPORATED,WESTHILLS,0,2020-04-07
UNINCORPORATED,WESTHILLS,0,2020-04-08
UNINCORPORATED,WESTHILLS,0,2020-04-09
UNINCORPORATED,WESTHILLS,0,2020-04-10
UNINCORPORATED,WESTHILLS,0,2020-04-11
UNINCORPORATED,WESTHILLS,0,2020-04-12
NA,WESTLAKE,1,2020-03-21
NA,WESTLAKE,1,2020-03-22
NA,WESTLAKE,1,2020-03-23
NA,WESTLAKE,1,2020-03-24
NA,WESTLAKE,1,2020-03-25
NA,WESTLAKE,1,2020-03-26
LOS ANGELES,WESTLAKE,1,2020-03-27
LOS ANGELES,WESTLAKE,2,2020-03-28
LOS ANGELES,WESTLAKE,5,2020-03-29
LOS ANGELES,WESTLAKE,7,2020-03-30
LOS ANGELES,WESTLAKE,10,2020-03-31
LOS ANGELES,WESTLAKE,13,2020-04-01
LOS ANGELES,WESTLAKE,20,2020-04-02
LOS ANGELES,WESTLAKE,23,2020-04-03
LOS ANGELES,WESTLAKE,27,2020-04-04
LOS ANGELES,WESTLAKE,31,2020-04-05
LOS ANGELES,WESTLAKE,34,2020-04-06
LOS ANGELES,WESTLAKE,37,2020-04-07
LOS ANGELES,WESTLAKE,40,2020-04-08
LOS ANGELES,WESTLAKE,44,2020-04-09
LOS ANGELES,WESTLAKE,48,2020-04-10
LOS ANGELES,WESTLAKE,55,2020-04-11
LOS ANGELES,WESTLAKE,56,2020-04-12
NA,WESTLAKE VILLAGE,0,2020-03-27
NA,WESTLAKE VILLAGE,0,2020-03-28
NA,WESTLAKE VILLAGE,0,2020-03-29
NA,WESTLAKE VILLAGE,0,2020-03-30
NA,WESTLAKE VILLAGE,NA,2020-03-31
NA,WESTLAKE VILLAGE,NA,2020-04-01
NA,WESTLAKE VILLAGE,NA,2020-04-02
NA,WESTLAKE VILLAGE,NA,2020-04-03
NA,WESTLAKE VILLAGE,NA,2020-04-04
NA,WESTLAKE VILLAGE,NA,2020-04-05
NA,WESTLAKE VILLAGE,NA,2020-04-06
NA,WESTLAKE VILLAGE,NA,2020-04-07
NA,WESTLAKE VILLAGE,5,2020-04-08
NA,WESTLAKE VILLAGE,5,2020-04-09
NA,WESTLAKE VILLAGE,6,2020-04-10
NA,WESTLAKE VILLAGE,6,2020-04-11
NA,WESTLAKE VILLAGE,6,2020-04-12
NA,WESTWOOD,2,2020-03-19
NA,WESTWOOD,5,2020-03-20
NA,WESTWOOD,5,2020-03-21
NA,WESTWOOD,5,2020-03-22
NA,WESTWOOD,6,2020-03-23
NA,WESTWOOD,6,2020-03-24
NA,WESTWOOD,9,2020-03-25
NA,WESTWOOD,11,2020-03-26
LOS ANGELES,WESTWOOD,16,2020-03-27
LOS ANGELES,WESTWOOD,17,2020-03-28
LOS ANGELES,WESTWOOD,22,2020-03-29
LOS ANGELES,WESTWOOD,26,2020-03-30
LOS ANGELES,WESTWOOD,28,2020-03-31
LOS ANGELES,WESTWOOD,26,2020-04-01
LOS ANGELES,WESTWOOD,25,2020-04-02
LOS ANGELES,WESTWOOD,27,2020-04-03
LOS ANGELES,WESTWOOD,27,2020-04-04
LOS ANGELES,WESTWOOD,27,2020-04-05
LOS ANGELES,WESTWOOD,27,2020-04-06
LOS ANGELES,WESTWOOD,29,2020-04-07
LOS ANGELES,WESTWOOD,30,2020-04-08
LOS ANGELES,WESTWOOD,33,2020-04-09
LOS ANGELES,WESTWOOD,33,2020-04-10
LOS ANGELES,WESTWOOD,34,2020-04-11
LOS ANGELES,WESTWOOD,34,2020-04-12
UNINCORPORATED,WHITE FENCE FARMS,0,2020-03-27
UNINCORPORATED,WHITE FENCE FARMS,0,2020-03-28
UNINCORPORATED,WHITE FENCE FARMS,0,2020-03-29
UNINCORPORATED,WHITE FENCE FARMS,0,2020-03-30
UNINCORPORATED,WHITE FENCE FARMS,0,2020-03-31
UNINCORPORATED,WHITE FENCE FARMS,0,2020-04-01
UNINCORPORATED,WHITE FENCE FARMS,0,2020-04-02
UNINCORPORATED,WHITE FENCE FARMS,0,2020-04-03
UNINCORPORATED,WHITE FENCE FARMS,0,2020-04-04
UNINCORPORATED,WHITE FENCE FARMS,0,2020-04-05
UNINCORPORATED,WHITE FENCE FARMS,0,2020-04-06
UNINCORPORATED,WHITE FENCE FARMS,0,2020-04-07
UNINCORPORATED,WHITE FENCE FARMS,0,2020-04-08
UNINCORPORATED,WHITE FENCE FARMS,0,2020-04-09
UNINCORPORATED,WHITE FENCE FARMS,0,2020-04-10
UNINCORPORATED,WHITE FENCE FARMS,0,2020-04-11
UNINCORPORATED,WHITE FENCE FARMS,0,2020-04-12
NA,WHITTIER,2,2020-03-19
NA,WHITTIER,2,2020-03-20
NA,WHITTIER,2,2020-03-21
NA,WHITTIER,2,2020-03-22
NA,WHITTIER,2,2020-03-23
NA,WHITTIER,3,2020-03-24
NA,WHITTIER,3,2020-03-25
NA,WHITTIER,3,2020-03-26
NA,WHITTIER,4,2020-03-27
UNINCORPORATED,WHITTIER,0,2020-03-27
NA,WHITTIER,6,2020-03-28
UNINCORPORATED,WHITTIER,0,2020-03-28
NA,WHITTIER,8,2020-03-29
UNINCORPORATED,WHITTIER,0,2020-03-29
NA,WHITTIER,8,2020-03-30
UNINCORPORATED,WHITTIER,0,2020-03-30
NA,WHITTIER,12,2020-03-31
UNINCORPORATED,WHITTIER,0,2020-03-31
NA,WHITTIER,15,2020-04-01
UNINCORPORATED,WHITTIER,0,2020-04-01
NA,WHITTIER,16,2020-04-02
UNINCORPORATED,WHITTIER,0,2020-04-02
NA,WHITTIER,16,2020-04-03
UNINCORPORATED,WHITTIER,0,2020-04-03
NA,WHITTIER,21,2020-04-04
UNINCORPORATED,WHITTIER,0,2020-04-04
NA,WHITTIER,23,2020-04-05
UNINCORPORATED,WHITTIER,NA,2020-04-05
NA,WHITTIER,25,2020-04-06
UNINCORPORATED,WHITTIER,NA,2020-04-06
NA,WHITTIER,30,2020-04-07
UNINCORPORATED,WHITTIER,NA,2020-04-07
NA,WHITTIER,32,2020-04-08
UNINCORPORATED,WHITTIER,NA,2020-04-08
NA,WHITTIER,40,2020-04-09
UNINCORPORATED,WHITTIER,NA,2020-04-09
NA,WHITTIER,44,2020-04-10
UNINCORPORATED,WHITTIER,NA,2020-04-10
NA,WHITTIER,50,2020-04-11
UNINCORPORATED,WHITTIER,NA,2020-04-11
NA,WHITTIER,51,2020-04-12
UNINCORPORATED,WHITTIER,NA,2020-04-12
UNINCORPORATED,WHITTIER NARROWS,0,2020-03-28
UNINCORPORATED,WHITTIER NARROWS,0,2020-03-29
UNINCORPORATED,WHITTIER NARROWS,0,2020-03-30
UNINCORPORATED,WHITTIER NARROWS,0,2020-03-31
UNINCORPORATED,WHITTIER NARROWS,0,2020-04-01
UNINCORPORATED,WHITTIER NARROWS,0,2020-04-02
UNINCORPORATED,WHITTIER NARROWS,0,2020-04-03
UNINCORPORATED,WHITTIER NARROWS,0,2020-04-04
UNINCORPORATED,WHITTIER NARROWS,0,2020-04-05
UNINCORPORATED,WHITTIER NARROWS,0,2020-04-06
UNINCORPORATED,WHITTIER NARROWS,0,2020-04-07
UNINCORPORATED,WHITTIER NARROWS,0,2020-04-08
UNINCORPORATED,WHITTIER NARROWS,0,2020-04-09
UNINCORPORATED,WHITTIER NARROWS,0,2020-04-10
UNINCORPORATED,WHITTIER NARROWS,0,2020-04-11
UNINCORPORATED,WHITTIER NARROWS,0,2020-04-12
NA,WHOLESALE DISTRICT,1,2020-03-24
NA,WHOLESALE DISTRICT,4,2020-03-25
NA,WHOLESALE DISTRICT,6,2020-03-26
LOS ANGELES,WHOLESALE DISTRICT,8,2020-03-27
LOS ANGELES,WHOLESALE DISTRICT,11,2020-03-28
LOS ANGELES,WHOLESALE DISTRICT,12,2020-03-29
LOS ANGELES,WHOLESALE DISTRICT,10,2020-03-30
LOS ANGELES,WHOLESALE DISTRICT,10,2020-03-31
LOS ANGELES,WHOLESALE DISTRICT,10,2020-04-01
LOS ANGELES,WHOLESALE DISTRICT,12,2020-04-02
LOS ANGELES,WHOLESALE DISTRICT,13,2020-04-03
LOS ANGELES,WHOLESALE DISTRICT,13,2020-04-04
LOS ANGELES,WHOLESALE DISTRICT,12,2020-04-05
LOS ANGELES,WHOLESALE DISTRICT,14,2020-04-06
LOS ANGELES,WHOLESALE DISTRICT,14,2020-04-07
LOS ANGELES,WHOLESALE DISTRICT,16,2020-04-08
LOS ANGELES,WHOLESALE DISTRICT,16,2020-04-09
LOS ANGELES,WHOLESALE DISTRICT,17,2020-04-10
LOS ANGELES,WHOLESALE DISTRICT,17,2020-04-11
LOS ANGELES,WHOLESALE DISTRICT,18,2020-04-12
NA,WILLOWBROOK,1,2020-03-24
NA,WILLOWBROOK,1,2020-03-25
NA,WILLOWBROOK,1,2020-03-26
UNINCORPORATED,WILLOWBROOK,1,2020-03-27
UNINCORPORATED,WILLOWBROOK,1,2020-03-28
UNINCORPORATED,WILLOWBROOK,1,2020-03-29
UNINCORPORATED,WILLOWBROOK,2,2020-03-30
UNINCORPORATED,WILLOWBROOK,2,2020-03-31
UNINCORPORATED,WILLOWBROOK,5,2020-04-01
UNINCORPORATED,WILLOWBROOK,6,2020-04-02
UNINCORPORATED,WILLOWBROOK,8,2020-04-03
UNINCORPORATED,WILLOWBROOK,10,2020-04-04
UNINCORPORATED,WILLOWBROOK,12,2020-04-05
UNINCORPORATED,WILLOWBROOK,14,2020-04-06
UNINCORPORATED,WILLOWBROOK,15,2020-04-07
UNINCORPORATED,WILLOWBROOK,19,2020-04-08
UNINCORPORATED,WILLOWBROOK,20,2020-04-09
UNINCORPORATED,WILLOWBROOK,20,2020-04-10
UNINCORPORATED,WILLOWBROOK,21,2020-04-11
UNINCORPORATED,WILLOWBROOK,21,2020-04-12
NA,WILMINGTON,1,2020-03-22
NA,WILMINGTON,3,2020-03-23
NA,WILMINGTON,4,2020-03-24
NA,WILMINGTON,4,2020-03-25
NA,WILMINGTON,5,2020-03-26
LOS ANGELES,WILMINGTON,5,2020-03-27
LOS ANGELES,WILMINGTON,7,2020-03-28
LOS ANGELES,WILMINGTON,10,2020-03-29
LOS ANGELES,WILMINGTON,10,2020-03-30
LOS ANGELES,WILMINGTON,12,2020-03-31
LOS ANGELES,WILMINGTON,13,2020-04-01
LOS ANGELES,WILMINGTON,13,2020-04-02
LOS ANGELES,WILMINGTON,16,2020-04-03
LOS ANGELES,WILMINGTON,19,2020-04-04
LOS ANGELES,WILMINGTON,19,2020-04-05
LOS ANGELES,WILMINGTON,20,2020-04-06
LOS ANGELES,WILMINGTON,21,2020-04-07
LOS ANGELES,WILMINGTON,22,2020-04-08
LOS ANGELES,WILMINGTON,25,2020-04-09
LOS ANGELES,WILMINGTON,28,2020-04-10
LOS ANGELES,WILMINGTON,32,2020-04-11
LOS ANGELES,WILMINGTON,33,2020-04-12
NA,WILSHIRE CENTER,1,2020-03-23
NA,WILSHIRE CENTER,1,2020-03-24
NA,WILSHIRE CENTER,2,2020-03-25
NA,WILSHIRE CENTER,2,2020-03-26
LOS ANGELES,WILSHIRE CENTER,4,2020-03-27
LOS ANGELES,WILSHIRE CENTER,4,2020-03-28
LOS ANGELES,WILSHIRE CENTER,5,2020-03-29
LOS ANGELES,WILSHIRE CENTER,8,2020-03-30
LOS ANGELES,WILSHIRE CENTER,8,2020-03-31
LOS ANGELES,WILSHIRE CENTER,12,2020-04-01
LOS ANGELES,WILSHIRE CENTER,15,2020-04-02
LOS ANGELES,WILSHIRE CENTER,17,2020-04-03
LOS ANGELES,WILSHIRE CENTER,19,2020-04-04
LOS ANGELES,WILSHIRE CENTER,23,2020-04-05
LOS ANGELES,WILSHIRE CENTER,27,2020-04-06
LOS ANGELES,WILSHIRE CENTER,30,2020-04-07
LOS ANGELES,WILSHIRE CENTER,33,2020-04-08
LOS ANGELES,WILSHIRE CENTER,38,2020-04-09
LOS ANGELES,WILSHIRE CENTER,40,2020-04-10
LOS ANGELES,WILSHIRE CENTER,44,2020-04-11
LOS ANGELES,WILSHIRE CENTER,46,2020-04-12
NA,WINNETKA,1,2020-03-20
NA,WINNETKA,1,2020-03-21
NA,WINNETKA,1,2020-03-22
NA,WINNETKA,1,2020-03-23
NA,WINNETKA,2,2020-03-24
NA,WINNETKA,3,2020-03-25
NA,WINNETKA,5,2020-03-26
LOS ANGELES,WINNETKA,3,2020-03-27
LOS ANGELES,WINNETKA,8,2020-03-28
LOS ANGELES,WINNETKA,9,2020-03-29
LOS ANGELES,WINNETKA,9,2020-03-30
LOS ANGELES,WINNETKA,10,2020-03-31
LOS ANGELES,WINNETKA,11,2020-04-01
LOS ANGELES,WINNETKA,15,2020-04-02
LOS ANGELES,WINNETKA,18,2020-04-03
LOS ANGELES,WINNETKA,25,2020-04-04
LOS ANGELES,WINNETKA,29,2020-04-05
LOS ANGELES,WINNETKA,35,2020-04-06
LOS ANGELES,WINNETKA,37,2020-04-07
LOS ANGELES,WINNETKA,39,2020-04-08
LOS ANGELES,WINNETKA,41,2020-04-09
LOS ANGELES,WINNETKA,43,2020-04-10
LOS ANGELES,WINNETKA,44,2020-04-11
LOS ANGELES,WINNETKA,44,2020-04-12
UNINCORPORATED,WISEBURN,NA,2020-03-27
UNINCORPORATED,WISEBURN,NA,2020-03-28
UNINCORPORATED,WISEBURN,NA,2020-03-29
UNINCORPORATED,WISEBURN,NA,2020-03-30
UNINCORPORATED,WISEBURN,NA,2020-03-31
UNINCORPORATED,WISEBURN,NA,2020-04-01
UNINCORPORATED,WISEBURN,NA,2020-04-02
UNINCORPORATED,WISEBURN,NA,2020-04-03
UNINCORPORATED,WISEBURN,NA,2020-04-04
UNINCORPORATED,WISEBURN,NA,2020-04-05
UNINCORPORATED,WISEBURN,NA,2020-04-06
UNINCORPORATED,WISEBURN,NA,2020-04-07
UNINCORPORATED,WISEBURN,NA,2020-04-08
UNINCORPORATED,WISEBURN,NA,2020-04-09
UNINCORPORATED,WISEBURN,NA,2020-04-10
UNINCORPORATED,WISEBURN,NA,2020-04-11
UNINCORPORATED,WISEBURN,NA,2020-04-12
NA,WOODLAND HILLS,2,2020-03-17
LOS ANGELES,WOODLAND HILLS,3,2020-03-18
NA,WOODLAND HILLS,3,2020-03-19
NA,WOODLAND HILLS,4,2020-03-20
NA,WOODLAND HILLS,5,2020-03-21
NA,WOODLAND HILLS,5,2020-03-22
NA,WOODLAND HILLS,7,2020-03-23
NA,WOODLAND HILLS,8,2020-03-24
NA,WOODLAND HILLS,11,2020-03-25
NA,WOODLAND HILLS,13,2020-03-26
LOS ANGELES,WOODLAND HILLS,14,2020-03-27
LOS ANGELES,WOODLAND HILLS,18,2020-03-28
LOS ANGELES,WOODLAND HILLS,19,2020-03-29
LOS ANGELES,WOODLAND HILLS,22,2020-03-30
LOS ANGELES,WOODLAND HILLS,25,2020-03-31
LOS ANGELES,WOODLAND HILLS,29,2020-04-01
LOS ANGELES,WOODLAND HILLS,33,2020-04-02
LOS ANGELES,WOODLAND HILLS,36,2020-04-03
LOS ANGELES,WOODLAND HILLS,43,2020-04-04
LOS ANGELES,WOODLAND HILLS,47,2020-04-05
LOS ANGELES,WOODLAND HILLS,53,2020-04-06
LOS ANGELES,WOODLAND HILLS,54,2020-04-07
LOS ANGELES,WOODLAND HILLS,55,2020-04-08
LOS ANGELES,WOODLAND HILLS,60,2020-04-09
LOS ANGELES,WOODLAND HILLS,62,2020-04-10
LOS ANGELES,WOODLAND HILLS,67,2020-04-11
LOS ANGELES,WOODLAND HILLS,68,2020-04-12
NA,WORLD HEALTH ORGANIZATION HTTPS://WWW.WHO.INT/HEALTH-TOPICS/CORONAVIRUS,NA,2020-03-31
LOS ANGELES COUNTY (EXCL. LB AND PAS),LOS ANGELES COUNTY (EXCL. LB AND PAS),87,2020-03-16
LONG BEACH,LONG BEACH,5,2020-03-16
PASADENA,PASADENA,2,2020-03-16
LOS ANGELES COUNTY (EXCL. LB AND PAS),LOS ANGELES COUNTY (EXCL. LB AND PAS),137,2020-03-17
LONG BEACH,LONG BEACH,5,2020-03-17
PASADENA,PASADENA,2,2020-03-17
LOS ANGELES COUNTY (EXCL. LB AND PAS),LOS ANGELES COUNTY (EXCL. LB AND PAS),180,2020-03-18
LONG BEACH,LONG BEACH,8,2020-03-18
PASADENA,PASADENA,2,2020-03-18
LOS ANGELES COUNTY (EXCL. LB AND PAS),LOS ANGELES COUNTY (EXCL. LB AND PAS),217,2020-03-19
LONG BEACH,LONG BEACH,12,2020-03-19
PASADENA,PASADENA,2,2020-03-19
LOS ANGELES COUNTY (EXCL. LB AND PAS),LOS ANGELES COUNTY (EXCL. LB AND PAS),278,2020-03-20
LONG BEACH,LONG BEACH,12,2020-03-20
PASADENA,PASADENA,2,2020-03-20
LOS ANGELES COUNTY (EXCL. LB AND PAS),LOS ANGELES COUNTY (EXCL. LB AND PAS),335,2020-03-21
LONG BEACH,LONG BEACH,13,2020-03-21
PASADENA,PASADENA,3,2020-03-21
LOS ANGELES COUNTY (EXCL. LB AND PAS),LOS ANGELES COUNTY (EXCL. LB AND PAS),391,2020-03-22
LONG BEACH,LONG BEACH,15,2020-03-22
PASADENA,PASADENA,3,2020-03-22
LOS ANGELES COUNTY (EXCL. LB AND PAS),LOS ANGELES COUNTY (EXCL. LB AND PAS),516,2020-03-23
LONG BEACH,LONG BEACH,17,2020-03-23
PASADENA,PASADENA,3,2020-03-23
LOS ANGELES COUNTY (EXCL. LB AND PAS),LOS ANGELES COUNTY (EXCL. LB AND PAS),635,2020-03-24
LONG BEACH,LONG BEACH,21,2020-03-24
PASADENA,PASADENA,6,2020-03-24
LOS ANGELES COUNTY (EXCL. LB AND PAS),LOS ANGELES COUNTY (EXCL. LB AND PAS),764,2020-03-25
LONG BEACH,LONG BEACH,28,2020-03-25
PASADENA,PASADENA,7,2020-03-25
LOS ANGELES COUNTY (EXCL. LB AND PAS),LOS ANGELES COUNTY (EXCL. LB AND PAS),1166,2020-03-26
LONG BEACH,LONG BEACH,41,2020-03-26
PASADENA,PASADENA,9,2020-03-26
LOS ANGELES COUNTY (EXCL. LB AND PAS),LOS ANGELES COUNTY (EXCL. LB AND PAS),1402,2020-03-27
LONG BEACH,LONG BEACH,54,2020-03-27
PASADENA,PASADENA,9,2020-03-27
LOS ANGELES COUNTY (EXCL. LB AND PAS),LOS ANGELES COUNTY (EXCL. LB AND PAS),1720,2020-03-28
LONG BEACH,LONG BEACH,75,2020-03-28
PASADENA,PASADENA,9,2020-03-28
LOS ANGELES COUNTY (EXCL. LB AND PAS),LOS ANGELES COUNTY (EXCL. LB AND PAS),2038,2020-03-29
LONG BEACH,LONG BEACH,88,2020-03-29
PASADENA,PASADENA,10,2020-03-29
LOS ANGELES COUNTY (EXCL. LB AND PAS),LOS ANGELES COUNTY (EXCL. LB AND PAS),2365,2020-03-30
LONG BEACH,LONG BEACH,99,2020-03-30
PASADENA,PASADENA,10,2020-03-30
LOS ANGELES COUNTY (EXCL. LB AND PAS),LOS ANGELES COUNTY (EXCL. LB AND PAS),2871,2020-03-31
LONG BEACH,LONG BEACH,115,2020-03-31
PASADENA,PASADENA,25,2020-03-31
LOS ANGELES COUNTY (EXCL. LB AND PAS),LOS ANGELES COUNTY (EXCL. LB AND PAS),3352,2020-04-01
LONG BEACH,LONG BEACH,133,2020-04-01
PASADENA,PASADENA,33,2020-04-01
LOS ANGELES COUNTY (EXCL. LB AND PAS),LOS ANGELES COUNTY (EXCL. LB AND PAS),3869,2020-04-02
LONG BEACH,LONG BEACH,139,2020-04-02
PASADENA,PASADENA,37,2020-04-02
LOS ANGELES COUNTY (EXCL. LB AND PAS),LOS ANGELES COUNTY (EXCL. LB AND PAS),4376,2020-04-03
LONG BEACH,LONG BEACH,153,2020-04-03
PASADENA,PASADENA,37,2020-04-03
LOS ANGELES COUNTY (EXCL. LB AND PAS),LOS ANGELES COUNTY (EXCL. LB AND PAS),5069,2020-04-04
LONG BEACH,LONG BEACH,171,2020-04-04
PASADENA,PASADENA,37,2020-04-04
LOS ANGELES COUNTY (EXCL. LB AND PAS),LOS ANGELES COUNTY (EXCL. LB AND PAS),5684,2020-04-05
LONG BEACH,LONG BEACH,198,2020-04-05
PASADENA,PASADENA,58,2020-04-05
LOS ANGELES COUNTY (EXCL. LB AND PAS),LOS ANGELES COUNTY (EXCL. LB AND PAS),6089,2020-04-06
LONG BEACH,LONG BEACH,213,2020-04-06
PASADENA,PASADENA,58,2020-04-06
LOS ANGELES COUNTY (EXCL. LB AND PAS),LOS ANGELES COUNTY (EXCL. LB AND PAS),6689,2020-04-07
LONG BEACH,LONG BEACH,230,2020-04-07
PASADENA,PASADENA,72,2020-04-07
LOS ANGELES COUNTY (EXCL. LB AND PAS),LOS ANGELES COUNTY (EXCL. LB AND PAS),7194,2020-04-08
LONG BEACH,LONG BEACH,256,2020-04-08
PASADENA,PASADENA,80,2020-04-08
LOS ANGELES COUNTY (EXCL. LB AND PAS),LOS ANGELES COUNTY (EXCL. LB AND PAS),7574,2020-04-09
LONG BEACH,LONG BEACH,287,2020-04-09
PASADENA,PASADENA,94,2020-04-09
LOS ANGELES COUNTY (EXCL. LB AND PAS),LOS ANGELES COUNTY (EXCL. LB AND PAS),8020,2020-04-10
LONG BEACH,LONG BEACH,303,2020-04-10
PASADENA,PASADENA,107,2020-04-10
LOS ANGELES COUNTY (EXCL. LB AND PAS),LOS ANGELES COUNTY (EXCL. LB AND PAS),8440,2020-04-11
LONG BEACH,LONG BEACH,316,2020-04-11
PASADENA,PASADENA,117,2020-04-11
LOS ANGELES COUNTY (EXCL. LB AND PAS),LOS ANGELES COUNTY (EXCL. LB AND PAS),8743,2020-04-12
LONG BEACH,LONG BEACH,332,2020-04-12
PASADENA,PASADENA,117,2020-04-12
